Acoustic15_LiF_110_Ni_180_degrees.txt	 4.023053601766378	0.024390243902439025	105.0	0	0.5268178734622253	
Acoustic02_LiF_110_Ni_0_degrees.txt	 2.1570606148440685	-0.024752475247524754	101.0	0	0.3616503828421067	
Acoustic03_LiF_110_Ni_10_degrees.txt	 2.027007487022903	0.02487562189054726	101.0	0	0.3569349489816404	
Acoustic04_LiF_110_Ni_20_degrees.txt	 2.429932405644305	-0.02487562189054726	101.0	0	0.42079990693438396	
Acoustic05a_LiF_110_Ni_30_degrees.txt	 102.73282189046326	0.05357142857142857	-19.0	0	23.207418529522787	
Acoustic05b_LiF_110_Ni_30_degrees.txt	 3.5568013522299253	0.02487562189054726	101.0	0	0.5646359481703143	
Acoustic06_LiF_110_Ni_30_degrees.txt	 77.42840079070484	0.05172413793103448	-19.0	0	15.407840016515587	
Acoustic06b_LiF_110_Ni_30_degrees.txt	 2.763858695218768	0.02487562189054726	101.0	0	0.4642814527549569	
Acoustic07_LiF_110_Ni_0_degrees.txt	 4.270937753288024	-0.02487562189054726	101.0	0	0.5974669379919143	
Acoustic08_LiF_110_Ni_10_degrees.txt	 4.309806996871657	0.02487562189054726	101.0	0	0.6123277199747424	
Acoustic09_LiF_110_Ni_30_degrees.txt	 4.120562249498235	0.02487562189054726	101.0	0	0.6224025004433282	
Acoustic10_LiF_110_Ni_60_degrees.txt	 4.191638613199871	0.02487562189054726	101.0	0	0.6523795559297735	
Acoustic11_LiF_110_Ni_90_degrees.txt	 4.187379653349183	0.02487562189054726	101.0	0	0.6106222971580716	
Acoustic12_LiF_110_Ni_100_degrees.txt	 4.7185609113741265	-0.02487562189054726	101.0	0	0.6925188349234135	
Acoustic13_LiF_110_Ni_135_degrees.txt	 4.510196151235391	0.02487562189054726	101.0	0	0.677520144534569	
Acoustic14_LiF_110_Ni_135_degrees.txt	 4.853164184469719	-0.02487562189054726	101.0	0	0.7127506653558788	
