,time delay,stg_pos,V_in,V_out,ratio,DVD,poly fit,poly res,Residual FFT,Associated F,Sine Res Fit
0,101.0,69.0005,117.37505000000002,2.507095,-47.080885,4.1223795e-05,120.39456224174052,-3.0195122417405003,4.0486626197123846e-21,0.0,-3.3474818309378422
1,102.0,69.17555,117.3912,2.4779,-47.579835,4.096912e-05,119.94856974031923,-2.5573697403192313,4.113054304453913,0.004975124378109453,-3.1392146527047635
2,103.0,69.3229,117.2185,2.484945,-47.36112,4.1085865e-05,119.49870933439786,-2.2802093343978527,1743.6419426968005,0.009950248756218905,-2.845341408888324
3,104.0,69.474725,116.9923,2.520695,-46.57196,4.0980915e-05,119.04517252554089,-2.0528725255408915,12.50736579161737,0.014925373134328358,-2.4736591184520114
4,105.0,69.624875,116.8564,2.511125,-46.789495,4.112091e-05,118.58814768280428,-1.7317476828042828,1313.7837019296069,0.01990049751243781,-2.0340292231156902
5,106.0,69.77590000000001,116.9213,2.48042,-47.34661,4.1096175e-05,118.12782006039006,-1.206520060390062,111635.33029194253,0.02487562189054726,-1.5381159444544072
6,107.0,69.92545,116.87955,2.54033,-46.2755,4.1151885e-05,117.6643718153006,-0.784821815300603,11380.462565351041,0.029850746268656716,-0.9990768098012108
7,108.0,70.076425,117.00095,2.506085,-46.981635,4.109513e-05,117.19798202499332,-0.1970320249933195,2870.0167670290957,0.03482587064676617,-0.43121355789342286
8,109.0,70.2251,117.0055,2.499545,-47.16846,4.1198225e-05,116.72882670503499,0.2766732949650077,1411.365791014894,0.03980099502487562,0.15040731359705228
9,110.0,70.37542499999999,117.0972,2.500045,-47.07455,4.1191515e-05,116.25707882675636,0.8401211732436451,753.6033887200646,0.04477611940298507,0.7303542910500243
10,111.0,70.5249,117.13695,2.511635,-46.87457,4.116151e-05,115.78290833490654,1.3540416650934617,469.5052911789399,0.04975124378109452,1.2932402724541059
11,112.0,70.674925,117.11075,2.506605,-47.010415,4.125945e-05,115.30648216530763,1.804267834692368,391.3741138405841,0.05472636815920398,1.8241308166390444
12,113.0,70.825425,117.02595,2.52473,-46.646175,4.10269e-05,114.82796426250908,2.19798573749091,491.2114430197915,0.05970149253731343,2.3089403825505115
13,114.0,70.97565,117.00185,2.521715,-46.69385,4.1003405e-05,114.34751559744217,2.6543344025578364,296.0854069303525,0.06467661691542288,2.7348060455819723
14,115.0,71.1268,116.88355,2.53934,-46.398535,4.1189455e-05,113.86529418507463,3.018255814925368,240.4993280175054,0.06965174129353234,3.0904287755548405
15,116.0,71.27770000000001,116.6816,2.53027,-46.41709,4.120892e-05,113.381455102065,3.3001448979349988,146.59502932618744,0.07462686567164178,3.36637322158985
16,117.0,71.426725,116.37755,2.533795,-46.245615,4.1133930000000005e-05,112.8961505044172,3.4813994955828065,126.31893548862074,0.07960199004975124,3.5553180500035766
17,118.0,71.57575,115.9178,2.55444,-45.662615,4.1119445e-05,112.40952964513492,3.5082703548650755,247.31041010752367,0.0845771144278607,3.6522501932875318
18,119.0,71.725775,115.33055,2.548895,-45.46658,4.128473e-05,111.92173889187626,3.408811108123743,76.61018257926399,0.08955223880597014,3.6545978563727206
19,120.0,71.87537499999999,114.75725,2.55896,-45.1061,4.13562e-05,111.43292174460808,3.3243282553919187,87.1794428865992,0.0945273631840796,3.562298751269404
20,121.0,72.0254,114.00435,2.5257300000000003,-45.358515,4.127899e-05,110.94321885326057,3.0611311467394273,100.3921418729099,0.09950248756218905,3.3778017496865376
21,122.0,72.17587499999999,113.25255,2.543355,-44.81116,4.1421115e-05,110.45276803538162,2.7997819646183757,151.65902601169066,0.1044776119402985,3.1060019097837923
22,123.0,72.3255,112.32145,2.510125,-45.020945,4.1115785e-05,109.96170429379147,2.3597457062085283,71.77110915294922,0.10945273631840796,2.754110600920506
23,124.0,72.47664999999999,111.5329,2.50861,-44.72318,4.112203e-05,109.47015983423722,2.0627401657627757,86.53723884474725,0.1144278606965174,2.3314641722405147
24,125.0,72.62595,110.4317,2.51213,-44.211725,4.1171115e-05,108.97826408304708,1.4534359169529267,47.717795568719914,0.11940298507462686,1.8492762414807054
25,126.0,72.775275,109.3184,2.51214,-43.766605,4.133665e-05,108.48614370478504,0.832256295214961,49.865118617917176,0.12437810945273632,1.3203401762552418
26,127.0,72.92497499999999,108.5821,2.50206,-43.594385,4.1204985e-05,107.9939226199053,0.5881773800946917,47.384745987946275,0.12935323383084577,0.7586896615551847
27,128.0,73.07495,107.29614999999998,2.500545,-43.153805,4.0924485e-05,107.50172202240687,-0.20557202240688355,80.26241127318751,0.13432835820895522,0.17922635925730385
28,129.0,73.22517500000001,106.10575,2.491995,-42.75286,4.1157875e-05,107.00966039748788,-0.903910397487877,59.07547575279448,0.13930348258706468,-0.402675461453595
29,130.0,73.37537499999999,104.8883,2.49452,-42.304555,4.108563e-05,106.51785353920015,-1.6295535392001455,28.814932372213292,0.14427860696517414,-0.9715768328373302
30,131.0,73.526375,104.0151,2.46784,-42.41852,4.1178825e-05,106.02641456810383,-2.0113145681038276,36.30475284367024,0.14925373134328357,-1.5123837139277627
31,132.0,73.6773,102.82425,2.481925,-41.593495,4.11974e-05,105.53545394892159,-2.711203948921579,43.16525868360385,0.15422885572139303,-2.0107474642950978
32,133.0,73.828025,101.757655,2.500055,-40.85409,4.1227210000000005e-05,105.04507950819331,-3.287424508193311,36.73609796348605,0.15920398009950248,-2.4534455409073206
33,134.0,73.9764,100.99838,2.497025,-40.675935,4.121573e-05,104.55539645193048,-3.5570164519304797,59.33051049785163,0.16417910447761194,-2.8287323174746293
34,135.0,74.12635,100.24911,2.46883,-40.800785000000005,4.119655e-05,104.06650738327086,-3.8173973832708583,26.23807397191757,0.1691542288557214,-3.1266507183692824
35,136.0,74.27552499999999,99.516415,2.508615,-39.96874,4.118779e-05,103.57851232013269,-4.062097320132693,28.614474642667584,0.17412935323383083,-3.3392963988773032
36,137.0,74.424575,98.97815,2.49653,-39.888775,4.106415e-05,103.09150871286946,-4.113358712869456,38.08531086067927,0.1791044776119403,-3.461027462574581
37,138.0,74.575,98.32409,2.501055,-39.548355,4.1030385e-05,102.60559146192412,-4.2815014619241225,33.166515175484705,0.18407960199004975,-3.4886141516248337
38,139.0,74.725325,97.892515,2.48647,-39.619595,4.1284275e-05,102.12085293548381,-4.2283379354838075,29.407716961160105,0.1890547263681592,-3.421324538429373
39,140.0,74.87514999999999,97.57227,2.51918,-38.947805,4.1308955e-05,101.6373829871343,-4.065112987134299,17.822983135419783,0.19402985074626866,-3.260943945065552
40,141.0,75.02555,97.35775,2.513155,-38.8949,4.130883e-05,101.15526897351428,-3.7975189735142862,26.853126196820842,0.1990049751243781,-3.011727575279031
41,142.0,75.174725,97.29028,2.51365,-38.88875,4.1377295e-05,100.67459577197016,-3.384315771970165,15.516512430863958,0.20398009950248755,-2.6802876157935653
42,143.0,75.325125,97.396535,2.51969,-38.915005,4.130316e-05,100.19544579821032,-2.798910798210315,16.34179206775959,0.208955223880597,-2.2754178023566256
43,144.0,75.47562500000001,97.446375,2.509625,-39.168755,4.12078e-05,99.71789902395962,-2.271524023959614,30.298830063892566,0.21393034825870647,-1.8078601051186902
44,145.0,75.62485000000001,97.62009,2.48998,-39.47558,4.1116205e-05,99.2420329946141,-1.621942994614102,23.17389939063302,0.21890547263681592,-1.2900197236295923
45,146.0,75.775175,97.722345,2.5186900000000003,-39.10867,4.109849e-05,98.76792284689517,-1.0455778468951706,23.062706132287154,0.22388059701492538,-0.7356359531789639
46,147.0,75.9257,97.83511,2.540845,-38.80547,4.1097685e-05,98.29564132650431,-0.4605313265043094,19.062114215745396,0.2288557213930348,-0.15941765502661523
47,148.0,76.075925,97.995225,2.525725,-39.022135000000006,4.1074805e-05,97.82525880577747,0.169966194222539,21.166005783458605,0.23383084577114427,0.4233469978061868
48,149.0,76.227175,98.098455,2.564005,-38.5037,4.1082005e-05,97.35684330133964,0.741611698660364,19.0023948952567,0.23880597014925373,0.997196144993568
49,150.0,76.376825,98.097445,2.54335,-38.80662,4.114367e-05,96.8904604917591,1.2069845082408932,17.950043520815747,0.24378109452736318,1.5469044716185052
50,151.0,76.525625,98.09897,2.58667,-38.165,4.1117e-05,96.42617373520238,1.6727962647976113,20.35631807063736,0.24875621890547264,2.0578871648841193
51,152.0,76.676175,97.997755,2.58766,-38.173795,4.1314095e-05,95.96404408708821,2.0337109129117863,19.611555851906957,0.2537313432835821,2.5165868770792788
52,153.0,76.825175,97.98416,2.552915,-38.63901,4.115037e-05,95.5041303177423,2.480029682257708,17.757221472680754,0.25870646766169153,2.9108334279314514
53,154.0,76.9756,97.943875,2.580105,-38.21477,4.113367e-05,95.04648893005194,2.8973860699480696,13.557194511203704,0.263681592039801,3.2301667027552283
54,155.0,77.126225,97.82857,2.58414,-38.07018,4.110307e-05,94.59117417712011,3.23739582287989,12.128574913416694,0.26865671641791045,3.466114179291931
55,156.0,77.276725,97.59744,2.56853,-38.19682,4.101546000000001e-05,94.1382380799203,3.459201920079707,16.65229488594623,0.2736318407960199,3.612415719922163
56,157.0,77.42687500000001,97.25806,2.55845,-38.219395000000006,4.118546e-05,93.6877304449509,3.570329555049099,22.59078375392096,0.27860696517412936,3.6651896650846005
57,158.0,77.57764999999999,96.859765,2.56249,-38.02292,4.1224675e-05,93.23969888188971,3.6200661181102873,17.717095113925307,0.2835820895522388,3.623035821124772
58,159.0,77.726,96.37384,2.537305,-38.188345,4.1055155e-05,92.79418882124823,3.5796511787517744,21.845489410103657,0.2885572139303483,3.4870726101095144
59,160.0,77.875625,95.551045,2.53227,-37.94834,4.1068565e-05,92.35124353202653,3.1998014679734723,16.49589413090215,0.2935323383084577,3.260907395951441
60,161.0,78.0253,94.775595,2.536315,-37.608285,4.1060045e-05,91.9109041393674,2.8646908606325923,13.256036445587966,0.29850746268656714,2.9505407741480005
61,162.0,78.17515,93.87274,2.51566,-37.550245,4.1135415e-05,91.47320964221095,2.3995303577890468,10.615525706987373,0.3034825870646766,2.5642073645115153
62,163.0,78.325675,93.012195,2.515655,-37.20284,4.1117715e-05,91.03819693094917,1.973998069050836,8.389992995792282,0.30845771144278605,2.1121573309631194
63,164.0,78.47569999999999,92.152635,2.498535,-37.080945,4.105165e-05,90.60590080508031,1.5467341949196936,14.847180760583445,0.31343283582089554,1.6063844250885628
64,165.0,78.6267,91.255845,2.498545,-36.694465,4.120752e-05,90.17635399086342,1.079491009136575,17.060552062074784,0.31840796019900497,1.060307768979745
65,166.0,78.77782499999999,90.287525,2.48897,-36.47812,4.107207e-05,89.74958715897293,0.5379378410270732,14.485054529204522,0.3233830845771144,0.4884158202719905
66,167.0,78.9268,89.31468,2.506595,-35.77212,4.123084e-05,89.32562894215292,-0.010948942152921859,21.218028338019828,0.3283582089552239,-0.09411803433489327
67,168.0,79.075725,88.190775,2.542355,-34.810305,4.0898835e-05,88.90450595287177,-0.7137309528717708,11.643993188286428,0.3333333333333333,-0.6718380580332891
68,169.0,79.225725,87.28238,2.490985,-35.199895,4.1041275e-05,88.48624280097664,-1.203862800976637,5.0496492206658985,0.3383084577114428,-1.2294162341522066
69,170.0,79.374975,86.297955,2.47085,-35.132565,4.118899e-05,88.07086211134794,-1.7729071113479336,15.051353362625859,0.34328358208955223,-1.7520589477427244
70,171.0,79.524475,85.33670500000001,2.48243,-34.50994,4.1491225e-05,87.65838454155373,-2.3216795415537206,10.414934202778277,0.34825870646766166,-2.225899488463728
71,172.0,79.67495,84.5255,2.518695,-33.68228,4.1439665e-05,87.24882879950434,-2.723328799504344,12.395093697800794,0.35323383084577115,-2.638365960916787
72,173.0,79.82554999999999,83.80744,2.49501,-33.73856,4.1384485e-05,86.84221166110689,-3.0347716611068876,13.551077420379078,0.3582089552238806,-2.9785148410649382
73,174.0,79.976575,83.06522,2.4935,-33.451065,4.1340415e-05,86.43854798791946,-3.373327987919467,9.440978737327363,0.36318407960199006,-3.237321328846483
74,175.0,80.126125,82.606995,2.497025,-33.222415,4.1382435e-05,86.03785074480618,-3.4308557448061805,18.163823378071097,0.3681592039800995,-3.4079187933735824
75,176.0,80.27525,82.106975,2.46832,-33.485815,4.128695e-05,85.6401310175909,-3.5331560175908976,11.222684563160502,0.3731343283582089,-3.485780957776759
76,177.0,80.425475,81.732865,2.49451,-32.908165000000004,4.135829e-05,85.24539803071252,-3.512533030712518,10.768835473688934,0.3781094527363184,-3.4688419899833014
77,178.0,80.574925,81.504245,2.499555,-32.783045,4.1196425e-05,84.85365916487883,-3.349414164878837,8.115914752799942,0.38308457711442784,-3.357551313191432
78,179.0,80.724825,81.29426,2.48546,-32.833445,4.108449e-05,84.4649199747215,-3.1706599747215023,8.618055090732271,0.3880597014925373,-3.154861681813677
79,180.0,80.87565,81.101925,2.502075,-32.606585,4.093362e-05,84.07918420644998,-2.977259206449986,9.467059484767919,0.39303482587064675,-2.866150839257486
80,181.0,81.025925,81.14624,2.53328,-32.226555000000005,4.106086e-05,83.69645381550673,-2.550213815506723,8.87281553346865,0.3980099502487562,-2.4990788361117895
81,182.0,81.1769,81.181985,2.51768,-32.38775,4.118935e-05,83.31672898422102,-2.134743984221018,13.44874372518076,0.40298507462686567,-2.063384794361061
82,183.0,81.32755,81.31088,2.55746,-31.9376,4.107098e-05,82.94000813946387,-1.629128139463873,11.01802855901556,0.4079601990049751,-1.5706285098604102
83,184.0,81.476225,81.533955,2.571555,-31.894085,4.1157675e-05,82.56628797030223,-1.032332970302221,14.019920915581626,0.4129353233830846,-1.03388374885254
84,185.0,81.62559999999999,81.63365,2.563995,-32.07228,4.1000155e-05,82.19556344565387,-0.5619134456538717,9.658112186751886,0.417910447761194,-0.46739137595570246
85,186.0,81.7751,81.79931,2.5836300000000003,-31.8228,4.1163595e-05,81.82782783194128,-0.02851783194127222,8.252373007757628,0.4228855721393035,0.11381848319906757
86,187.0,81.92512500000001,82.150285,2.609825,-31.602995,4.115122e-05,81.46307271074689,0.687212289253111,5.752843767907584,0.42786069651741293,0.6943252199345881
87,188.0,82.07595,82.45592500000001,2.59673,-31.8638,4.098756e-05,81.10128799646655,1.3546370035334547,4.9704331228688945,0.43283582089552236,1.258726880755637
88,189.0,82.226275,82.76863,2.598245,-31.93004,4.08134e-05,80.7424619539655,2.026168046034499,11.049812277750805,0.43781094527363185,1.7920488106194181
89,190.0,82.376425,82.94538,2.582635,-32.226795,4.100404e-05,80.38658121623122,2.558798783768779,12.432702405069824,0.4427860696517413,2.2801409591614457
90,191.0,82.52747500000001,83.075285,2.54386,-32.830975,4.107018e-05,80.03363080202931,3.0416541979706864,12.60179197515629,0.44776119402985076,2.7100533085825487
91,192.0,82.676675,83.19967,2.560475,-32.640910000000005,4.147205e-05,79.68359413355658,3.5160758664434155,9.652508721139357,0.4527363184079602,3.0703794623781318
92,193.0,82.825675,83.18154,2.57206,-32.47697,4.1326705e-05,79.33645305409715,3.8450869459028496,11.050161074814758,0.4577114427860696,3.3515592788431943
93,194.0,82.975875,83.15486,2.57911,-32.366335,4.115648e-05,78.99218784567549,4.162672154324511,6.024744984987857,0.4626865671641791,3.5461325199082583
94,195.0,83.124825,82.921715,2.52826,-32.957335,4.1156825e-05,78.65077724671198,4.270937753288024,7.218952799609402,0.46766169154228854,3.6489367855171833
95,196.0,83.27574999999999,82.53499500000001,2.537315,-32.66002,4.0847685e-05,78.3121984696766,4.222796530323407,7.067046644854859,0.472636815920398,3.657244481969815
96,197.0,83.4259,82.054115,2.5368,-32.483515,4.1143645e-05,77.9764272187439,4.0776877812561025,12.201107847484588,0.47761194029850745,3.5708351901972297
97,198.0,83.57695,81.50022,2.50811,-32.598175000000005,4.123455e-05,77.64343770744748,3.8567822925525235,9.496755451354554,0.4825870646766169,3.392001513901009
98,199.0,83.72825,80.873315,2.540845,-31.960235,4.0998545e-05,77.31320267633389,3.560112323666118,11.834437939918677,0.48756218905472637,3.125488252394245
99,200.0,83.877375,80.23026999999999,2.53782,-31.766855,4.104436e-05,76.9856934106182,3.2445765893817935,15.592443630757463,0.4925373134328358,2.778366512004943
100,201.0,84.025825,79.516255,2.521695,-31.732715,4.109854e-05,76.66087975783752,2.8553752421624807,6.97554370378832,0.4975124378109453,2.3598460961072165
101,202.0,84.1763,78.745335,2.505585,-31.604875,4.111175e-05,76.33873014550564,2.4066048544943612,6.975543703788343,-0.4975124378109453,1.881031151431057
102,203.0,84.3253,77.906935,2.550405,-30.68623,4.1156815e-05,76.01921159876815,1.8877234012318524,15.592443630757463,-0.4925373134328358,1.3546255538215395
103,204.0,84.475275,76.970345,2.52472,-30.628675,4.1108825e-05,75.70228975805645,1.268055241943543,11.834437939918745,-0.48756218905472637,0.7945958501264038
104,205.0,84.6257,76.012125,2.51464,-30.326145000000004,4.094585e-05,75.38792889674178,0.624196103258214,9.496755451354595,-0.4825870646766169,0.2158006990078166
105,206.0,84.776375,75.008555,2.48142,-30.31035,4.1002795e-05,75.07609193879065,-0.06753693879065281,12.201107847484588,-0.47761194029850745,-0.36640335767742505
106,207.0,84.926525,74.14498,2.487965,-29.868270000000003,4.1275965e-05,74.76674047641885,-0.6217604764188422,7.067046644854859,-0.472636815920398,-0.9365693332910481
107,208.0,85.0767,73.19932,2.48695,-29.548715,4.101015e-05,74.45983478774602,-1.2605147877460183,7.218952799609393,-0.46766169154228854,-1.47956963449902
108,209.0,85.22562500000001,72.35941,2.4487,-29.71029,4.1250885e-05,74.15533385444981,-1.7959238544498106,6.024744984987857,-0.4626865671641791,-1.9809974252427036
109,210.0,85.37514999999999,71.599575,2.45273,-29.329680000000003,4.1181755e-05,73.85319537942077,-2.2536203794207665,11.050161074814758,-0.4577114427860696,-2.4275488676412262
110,211.0,85.5252,70.9918,2.47639,-28.77284,4.1020705e-05,73.55337580441714,-2.5615758044171457,9.652508721139382,-0.4527363184079602,-2.807376098243921
111,212.0,85.67505,70.30496000000001,2.482935,-28.49311,4.116451e-05,73.25583032771797,-2.950870327717965,12.60179197515629,-0.44776119402985076,-3.110401574497383
112,213.0,85.8255,69.829125,2.458765,-28.529185,4.122628e-05,72.96051292177958,-3.1313879217795773,12.432702405069843,-0.4427860696517413,-3.3285854512150412
113,214.0,85.9761,69.419745,2.460775,-28.377550000000003,4.089612e-05,72.66737635088862,-3.2476313508886108,11.049812277750817,-0.43781094527363185,-3.4561388930398302
114,215.0,86.12645,68.89455000000001,2.50104,-27.61497,4.102916e-05,72.37637218881662,-3.481822188816608,4.9704331228688945,-0.43283582089552236,-3.489677663312955
115,216.0,86.277725,68.524955,2.5232,-27.30798,4.0933175e-05,72.08745083647545,-3.562495836475449,5.752843767907586,-0.42786069651741293,-3.428311914342138
116,217.0,86.4265,68.22234,2.52724,-27.223000000000003,4.1061705e-05,71.80056153957051,-3.5782215395705066,8.252373007757624,-0.4228855721393035,-3.273669796762049
117,218.0,86.57509999999999,68.140255,2.54838,-26.95931,4.1105405e-05,71.51565240625672,-3.375397406256724,9.658112186751886,-0.417910447761194,-3.0298542615854136
118,219.0,86.72540000000001,68.201695,2.522215,-27.30878,4.118954e-05,71.23267042479132,-3.030975424791322,14.019920915581595,-0.4129353233830846,-2.7033342010688894
119,220.0,86.87485000000001,68.284255,2.52926,-27.2137,4.1147605e-05,70.95156148118997,-2.667306481189968,11.01802855901551,-0.4079601990049751,-2.302772816634755
120,221.0,87.025425,68.466545,2.540845,-27.169315,4.1107555e-05,70.67227037687977,-2.2057253768797693,13.44874372518076,-0.40298507462686567,-1.8387977675755802
121,222.0,87.176075,68.62667,2.56098,-27.00808,4.1088315e-05,70.39474084635498,-1.7680708463549735,8.87281553346863,-0.3980099502487562,-1.3237191989358943
122,223.0,87.3264,68.79182499999999,2.59725,-26.69168,4.108588e-05,70.11891557483084,-1.327090574830848,9.467059484767967,-0.39303482587064675,-0.7712031298306946
123,224.0,87.477625,69.2566,2.580115,-27.05485,4.1120525e-05,69.84473621589818,-0.5881362158981744,8.618055090732271,-0.3880597014925373,-0.19590886783246916
124,225.0,87.627025,69.70576,2.581615,-27.184935000000003,4.085108e-05,69.57214340917812,0.13361659082187316,8.115914752799927,-0.38308457711442784,0.38689993048308835
125,226.0,87.775875,70.05974499999999,2.590185,-27.205990000000003,4.084904e-05,69.30107679797597,0.7586682020240261,10.768835473688902,-0.3781094527363184,0.9617602335261526
126,227.0,87.92615,70.416255,2.60126,-27.22808,4.1066275e-05,69.03147504693682,1.3847799530631875,11.222684563160502,-0.3731343283582089,1.5134198984817209
127,228.0,88.07495,70.72542,2.56651,-27.686895,4.0967915e-05,68.76327585969844,1.962144140301561,18.163823378071058,-0.3681592039800995,2.027242339816605
128,229.0,88.224825,70.81656000000001,2.55594,-27.852725,4.098763e-05,68.49641599654731,2.320144003452697,9.440978737327363,-0.36318407960199006,2.489594865874574
129,230.0,88.375625,70.949505,2.539315,-28.06485,4.096545e-05,68.23083129207215,2.7186737079278487,13.551077420379078,-0.3582089552238806,2.88821038024814
130,231.0,88.52607499999999,71.02402,2.542345,-28.03412,4.1007215e-05,67.96645667281891,3.057563327181086,12.395093697800826,-0.35323383084577115,3.21251285129741
131,232.0,88.67635,70.97166999999999,2.570045,-27.722205,4.1115145e-05,67.70322617494543,3.268443825054561,10.41493420277821,-0.34825870646766166,3.453897914488104
132,233.0,88.82764999999999,70.8609,2.556455,-27.85987,4.112886e-05,67.44107296187451,3.41982703812549,15.051353362625859,-0.34328358208955223,3.60596116263172
133,234.0,88.97540000000001,70.65444,2.5343,-27.984255,4.109885e-05,67.17992934195054,3.4745106580494536,5.049649220665909,-0.3383084577114428,3.6646680670517995
134,235.0,89.125125,70.3483,2.543865,-27.733405,4.112043e-05,66.91972678609238,3.4285732139076117,11.643993188286458,-0.3333333333333333,3.628461021342576
135,236.0,89.27465,69.93336500000001,2.519195,-27.9388,4.12496e-05,66.66039594544841,3.272969054551595,21.218028338019828,-0.3283582089552239,3.498300667644658
136,237.0,89.425175,69.4273,2.53279,-27.629445,4.105268e-05,66.40186666905106,3.0254333309489425,14.485054529204513,-0.3233830845771144,3.277640408972536
137,238.0,89.576225,68.889005,2.549905,-27.160955,4.1221535e-05,66.14406802147118,2.7449369785288127,17.06055206207482,-0.31840796019900497,2.972334783830688
138,239.0,89.72569999999999,68.29231999999999,2.55343,-26.8812,4.0976655e-05,65.88692830047265,2.4053916995273426,14.847180760583445,-0.31343283582089554,2.5904841341147153
139,240.0,89.87665,67.69762,2.51163,-27.10003,4.125031e-05,65.63037505466666,2.067244945333343,8.389992995792294,-0.30845771144278605,2.1422196875553197
140,241.0,90.027525,66.794265,2.499045,-26.964205,4.12711e-05,65.37433510116641,1.419929898833587,10.615525706987397,-0.3034825870646766,1.6394347568783503
141,242.0,90.175075,65.951855,2.542345,-26.11467,4.105121e-05,65.11873454324166,0.833120456758337,13.256036445587966,-0.29850746268656714,1.0954691874815887
142,243.0,90.325275,65.12101,2.483435,-26.50767,4.108186e-05,64.86349878797259,0.2575112120274099,16.49589413090211,-0.2935323383084577,0.524755425834049
143,244.0,90.475075,64.22469,2.438105,-26.520145000000003,4.091722e-05,64.6085525639055,-0.38386256390550955,21.845489410103596,-0.2885572139303483,-0.057564400919539876
144,245.0,90.624825,63.221165,2.488965,-25.56017,4.0983335e-05,64.35381993870598,-1.1326549387059828,17.717095113925307,-0.2835820895522388,-0.6360402345396708
145,246.0,90.7747,62.4739,2.50256,-25.15935,4.112411e-05,64.099224336814,-1.6253243368140033,22.590783753921002,-0.27860696517412936,-1.1953240052732286
146,247.0,90.925625,61.52622,2.47436,-25.05068,4.097307e-05,63.844688557098905,-2.318468557098903,16.652294885946166,-0.2736318407960199,-1.7205768454855364
147,248.0,91.076225,60.75229,2.485955,-24.626855,4.1176605e-05,63.59013479051294,-2.837844790512939,12.128574913416694,-0.26865671641791045,-2.197862793186358
148,249.0,91.227525,60.13444,2.466315,-24.57613,4.0939155e-05,63.33548463774621,-3.2010446377462145,13.55719451120363,-0.263681592039801,-2.614518539743414
149,250.0,91.37725,59.46673,2.51213,-23.79643,4.109982e-05,63.080659126881564,-3.6139291268815654,17.757221472680754,-0.25870646766169153,-2.9594894116690074
150,251.0,91.52585,58.899745,2.493505,-23.770415,4.1149405e-05,62.82557873104778,-3.9258337310477742,19.611555851906957,-0.2537313432835821,-3.2236226722412873
151,252.0,91.676025,58.44304,2.51163,-23.38624,4.0855465e-05,62.57016338607603,-4.127123386076029,20.356318070637286,-0.24875621890547264,-3.3999103611069312
152,253.0,91.825175,58.10315000000001,2.492995,-23.393285,4.1201015e-05,62.314332508152475,-4.2111825081524685,17.950043520815786,-0.24378109452736318,-3.483675228866613
153,254.0,91.975275,57.844335,2.49097,-23.318195,4.0945015e-05,62.05800501147404,-4.213670011474036,19.0023948952567,-0.23880597014925373,-3.4726948334432226
154,255.0,92.125475,57.656505,2.51364,-23.06015,4.1013505e-05,61.80109932590185,-4.144594325901849,21.1660057834587,-0.23383084577114427,-3.3672605057188485
155,256.0,92.27645,57.54672000000001,2.53932,-22.78228,4.102515e-05,61.543533414616874,-3.9968134146168666,19.062114215745442,-0.2288557213930348,-3.170169619969524
156,257.0,92.42695,57.582485,2.52876,-22.925695,4.0889315e-05,61.28522479177366,-3.7027397917736593,23.062706132287154,-0.22388059701492538,-2.88665137417791
157,258.0,92.577525,57.655495,2.552425,-22.7,4.0823465e-05,61.026090540154854,-3.370595540154852,23.17389939063298,-0.21890547263681592,-2.5242280494139524
158,259.0,92.726025,57.7265,2.573575,-22.546855,4.0934635e-05,60.766047328825785,-3.0395473288257833,30.29883006389249,-0.21393034825870647,-2.0925154293376576
159,260.0,92.8756,58.08904,2.59471,-22.502975,4.0849725e-05,60.50501143078918,-2.4159714307891846,16.34179206775959,-0.208955223880597,-1.6029676750757282
160,261.0,93.0254,58.50346499999999,2.55394,-23.02057,4.0935075e-05,60.24289874063938,-1.7394337406393916,15.516512430863951,-0.20398009950248755,-1.0685734244298033
161,262.0,93.175,58.972775,2.56551,-23.126815,4.092159e-05,59.97962479221711,-1.0068497922171105,26.85312619682075,-0.1990049751243781,-0.5035111784847015
162,263.0,93.3254,59.42949,2.53177,-23.57332,4.107517e-05,59.71510477626326,-0.2856147762632588,17.822983135419783,-0.19402985074626866,0.0772268811305821
163,264.0,93.475375,59.73866,2.582125,-23.23294,4.0777955e-05,59.44925355807422,0.28940644192578446,29.407716961160112,-0.1890547263681592,0.6582326634826247
164,265.0,93.625725,60.0448,2.589685,-23.29809,4.1198885e-05,59.18198569515631,0.8628143048436954,33.16651517548483,-0.18407960199004975,1.2240909744418849
165,266.0,93.7773,60.23212,2.616375,-23.094375,4.097234e-05,58.913215454879584,1.318904545120418,38.08531086067927,-0.1791044776119403,1.7597885112527585
166,267.0,93.9258,60.556920000000005,2.57709,-23.598930000000003,4.114249e-05,58.64285683213272,1.9140631678672833,28.61447464266766,-0.17412935323383083,2.25111219415692
167,268.0,94.07495,60.76992,2.61787,-23.373505,4.1141015e-05,58.37082356697769,2.399096433022308,26.238073971917615,-0.1691542288557214,2.685026266570764
168,269.0,94.22545,60.91594,2.6214,-23.343385,4.100353e-05,58.097029162304,2.818910837696002,59.33051049785163,-0.16417910447761194,3.0500181586284993
169,270.0,94.37505,61.0524,2.600745,-23.5631,4.099459e-05,57.82138690148341,3.2310130985165912,36.736097963486024,-0.15920398009950248,3.3364039376694197
170,271.0,94.52535,60.96679,2.61184,-23.468775,4.106753e-05,57.54380986602404,3.422980133975962,43.16525868360391,-0.15422885572139303,3.536585241484538
171,272.0,94.676,60.83386,2.597225,-23.53557,4.103817e-05,57.264210953225074,3.569649046774927,36.30475284367024,-0.14925373134328357,3.6452508773918755
172,273.0,94.826625,60.625895,2.606805,-23.394,4.094353e-05,56.98250289383154,3.643392106168463,28.814932372213235,-0.14427860696517414,3.6595177383319304
173,274.0,94.97775,60.36002499999999,2.59119,-23.406605,4.1000675e-05,56.698598269688205,3.6614267303117884,59.075475752794645,-0.13930348258706468,3.579007297209637
174,275.0,95.1276,59.93353,2.57709,-23.385465,4.1067605e-05,56.4124095313947,3.5211204686052966,80.26241127318751,-0.13432835820895522,3.4058556499418438
175,276.0,95.2763,59.47631,2.58112,-23.176915,4.1135125e-05,56.12384901595915,3.352460984040846,47.3847459879463,-0.12935323383084577,3.144656840749035
176,277.0,95.426225,58.853425,2.551925,-23.177155,4.097517e-05,55.832828964453526,3.0205960355464754,49.86511861791703,-0.12437810945273632,2.8023409733795526
177,278.0,95.5751,58.30961,2.553925,-22.93419,4.1117875e-05,55.539261539668374,2.7703484603316255,47.717795568719914,-0.11940298507462686,2.387990342208783
178,279.0,95.7252,57.678165,2.55745,-22.67076,4.114582e-05,55.243058843765546,2.435106156234454,86.537238844747,-0.1144278606965174,1.9125984616064051
179,280.0,95.8756,56.761715,2.54385,-22.40667,4.115791e-05,54.94413293593498,1.8175820640650215,71.77110915294915,-0.10945273631840796,1.3887783869837222
180,281.0,96.025925,56.004385,2.50912,-22.44742,4.123262e-05,54.64239585004721,1.361989149952791,151.65902601169066,-0.1044776119402985,0.8304280663207322
181,282.0,96.1765,55.238505,2.53178,-21.964495,4.1399095e-05,54.3377596123091,0.900745387690904,100.39214187290995,-0.09950248756218905,0.25236160103733546
182,283.0,96.3275,54.42678,2.5015650000000003,-21.88258,4.1271575e-05,54.030136258918446,0.3966437410815544,87.17944288659953,-0.0945273631840796,-0.3300838004380001
183,284.0,96.476375,53.525435,2.5071,-21.440415,4.132432e-05,53.719437853717096,-0.19400285371709458,76.61018257926399,-0.08955223880597014,-0.9014547481283105
184,285.0,96.625525,52.70266,2.527745,-20.973815,4.102927e-05,53.40557650584688,-0.7029165058468791,247.31041010752335,-0.0845771144278607,-1.4465916784867923
185,286.0,96.775425,51.944825,2.57004,-20.319405,4.1199795e-05,53.088464387403356,-1.1436393874033541,126.31893548862041,-0.07960199004975124,-1.9510310665987967
186,287.0,96.92525,51.26405,2.50106,-20.575595,4.1191615e-05,52.76801375109058,-1.5039637510905806,146.59502932618744,-0.07462686567164178,-2.401389171147921
187,288.0,97.076075,50.543975,2.519185,-20.19399,4.1273895e-05,52.444136947875776,-1.9001619478757732,240.4993280175057,-0.06965174129353234,-2.7857171306593496
188,289.0,97.226375,49.896435,2.566515,-19.52563,4.1259455e-05,52.116746444642615,-2.2203114446426184,296.0854069303525,-0.06467661691542288,-3.0938179896375693
189,290.0,97.3768,49.39742,2.570545,-19.32552,4.1167255e-05,51.78575484184755,-2.388334841847552,491.2114430197915,-0.05970149253731343,-3.317517243289581
190,291.0,97.52785,49.03637,2.570545,-19.157615,4.123992e-05,51.45107489117302,-2.414704891173024,391.3741138405841,-0.05472636815920398,-3.4508797227643635
191,292.0,97.676875,48.73426,2.591705,-18.916955,4.117513e-05,51.112619513182565,-2.3783595131825663,469.5052911789393,-0.04975124378109452,-3.490367066528982
192,293.0,97.82545,48.591755,2.56904,-19.015815,4.0912155e-05,50.77030181497459,-2.178546814974588,753.6033887200646,-0.04477611940298507,-3.434931599864387
193,294.0,97.9753,48.52781,2.582135,-18.95016,4.1152405e-05,50.42403510783787,-1.8962251078378642,1411.3657910148945,-0.03980099502487562,-3.2860441316785916
194,295.0,98.1244,48.494065,2.58062,-18.936645,4.110456e-05,50.07373292490468,-1.5796679249046832,2870.016767029099,-0.03482587064676617,-3.0476549311345793
195,296.0,98.274475,48.624985,2.59623,-18.853735,4.104344e-05,49.71930903880744,-1.0943240388074358,11380.462565351041,-0.029850746268656716,-2.7260889194575264
196,297.0,98.42495,48.85259,2.586665,-19.022055,4.1168515e-05,49.36067747933047,-0.5080874793304702,111635.33029194256,-0.02487562189054726,-2.3298778576832637
197,298.0,98.57575,49.179885,2.57759,-19.20274,4.1154e-05,48.99775255106631,0.18213244893368596,1313.7837019296078,-0.01990049751243781,-1.8695339827275235
198,299.0,98.72635,49.576675,2.59623,-19.197865,4.1152365e-05,48.63044885107071,0.9462261489292914,12.50736579161737,-0.014925373134328358,-1.3572710976440785
199,300.0,98.8766,49.98103,2.54839,-19.740885,4.1294015e-05,48.2586812865146,1.7223487134853954,1743.6419426967987,-0.009950248756218905,-0.8066805160803644
200,301.0,99.025075,50.32746,2.59572,-19.513655,4.126195e-05,47.88236509234105,2.445094907658955,4.1130543044538115,-0.004975124378109453,-0.23237045874338938
