,time delay,stg_pos,V_in,V_out,ratio,DVD,poly fit,poly res,Residual FFT,Associated F,Sine Res Fit
0,101.0,69.0005,83.363325,7.82502,-10.676915,4.1992615e-05,86.23273282743466,-2.8694078274346566,6.828728356568824e-23,0.0,-3.490588679285366
1,102.0,69.174625,83.39656,7.77516,-10.75215,4.175849e-05,85.84241294125351,-2.44585294125352,4.671853903726424,0.004975124378109453,-3.3173147301328387
2,103.0,69.323125,83.32505499999999,7.7948,-10.7136,4.2128025e-05,85.44999758807357,-2.12494258807358,1775.4634222075094,0.009950248756218905,-3.053940193410098
3,104.0,69.474275,83.200185,7.790260000000001,-10.706375,4.1968795e-05,85.05560362365918,-1.855418623659176,103.92975160566867,0.014925373134328358,-2.7074171251752075
4,105.0,69.62505,83.026445,7.83205,-10.627965,4.186392e-05,84.65934628042977,-1.6329012804297776,1571.6853012550396,0.01990049751243781,-2.2868923770022147
5,106.0,69.7751,82.963005,7.811409999999999,-10.643565,4.2018665e-05,84.26133917143078,-1.2983341714307812,120862.90262533573,0.02487562189054726,-1.8034661549303506
6,107.0,69.92530000000001,82.86328499999999,7.81545,-10.627055,4.1793815e-05,83.8616942943046,-0.9984092943046079,11153.749981770177,0.029850746268656716,-1.269899017507154
7,108.0,70.077575,82.851215,7.831565,-10.60033,4.190611e-05,83.46052203526156,-0.6093070352615655,3194.7108077360194,0.03482587064676617,-0.7002750470295543
8,109.0,70.22545,82.968035,7.83609,-10.61186,4.1962035e-05,83.0579311730508,-0.08989617305080344,1382.4009222673565,0.03980099502487562,-0.10963008494241319
9,110.0,70.375,83.138235,7.83608,-10.63521,4.202466e-05,82.65402888293134,0.484206117068652,833.750622816006,0.04477611940298507,0.48644515547595685
10,111.0,70.524675,83.25204,7.847685,-10.634855,4.2052535e-05,82.24892074064296,1.0031192593570353,573.0505498257462,0.04975124378109452,1.0722166228712111
11,112.0,70.674875,83.37642,7.841634999999999,-10.66063,4.2224535e-05,81.84271072637709,1.5337092736229039,283.02878089939134,0.05472636815920398,1.6322222451341044
12,113.0,70.8256,83.512365,7.85372,-10.66195,4.2251080000000005e-05,81.43550122874788,2.076863771252121,372.75616669725724,0.05970149253731343,2.1516800675348575
13,114.0,70.97625000000001,83.5617,7.846155,-10.680705,4.205132e-05,81.02739304876312,2.5343069512368857,255.6957479412289,0.06467661691542288,2.6168784384230395
14,115.0,71.12674999999999,83.47006999999999,7.839119999999999,-10.677865,4.212378e-05,80.61848540379508,2.8515845962049156,182.92181492904024,0.06965174129353234,3.015537943118755
15,116.0,71.27815000000001,83.4434,7.84918,-10.659865,4.2156025e-05,80.20887593155163,3.2345240684483656,123.15510116986404,0.07462686567164178,3.337135532358371
16,117.0,71.42699999999999,83.298865,7.830039999999999,-10.67092,4.2185275e-05,79.79866069404709,3.50020430595292,106.65564593839142,0.07960199004975124,3.573182289573259
17,118.0,71.57565,83.040545,7.866290000000001,-10.58768,4.221208e-05,79.38793418157314,3.652610818426851,73.12568686115459,0.0845771144278607,3.717447505033828
18,119.0,71.726125,82.63368,7.86932,-10.52379,4.2045795e-05,78.97678931666992,3.656890683330076,51.058709654853004,0.08955223880597014,3.7661231421789436
19,120.0,71.87537499999999,82.12057999999999,7.855705,-10.47578,4.220583e-05,78.56531745809687,3.5552625419031187,111.69671262729516,0.0945273631840796,3.717924354864005
20,121.0,72.025175,81.470525,7.852705,-10.39679,4.239807e-05,78.1536084048036,3.316916595196389,80.83045647900732,0.09950248756218905,3.574123402266049
21,122.0,72.17552500000001,80.851155,7.81242,-10.37065,4.24334e-05,77.7417503999011,3.1094046000989124,73.68822017151778,0.1044776119402985,3.338516066225286
22,123.0,72.32532499999999,80.03391,7.833565,-10.240735,4.2365705e-05,77.32983013463239,2.7040798653676177,85.69065908717218,0.10945273631840796,3.0173214574736433
23,124.0,72.47652500000001,79.337,7.816455,-10.172375,4.228244e-05,76.91793275234369,2.419067247656315,40.349153675367695,0.1144278606965174,2.6190178554734356
24,125.0,72.62645,78.513205,7.77416,-10.12569,4.2121415e-05,76.50614185245526,2.0070631475447414,42.371411927741526,0.11940298507462686,2.1541189150513396
25,126.0,72.774475,77.47238,7.81746,-9.93721,4.202832e-05,76.09453949443241,1.3778405055675904,37.745098770815005,0.12437810945273632,1.6348961470959056
26,127.0,72.925725,76.529755,7.798319999999999,-9.83888,4.219565e-05,75.6832062017564,0.8465487982435889,45.51535384804042,0.12935323383084577,1.0750549987409368
27,128.0,73.0755,75.572515,7.771145,-9.749315,4.229445e-05,75.27222096589543,0.30029403410456723,40.044252997140525,0.13432835820895522,0.48937308324934214
28,129.0,73.22507499999999,74.531195,7.812925,-9.56077,4.2074265e-05,74.86166125027555,-0.3304662502755491,42.57267693356743,0.13930348258706468,-0.10668989108906465
29,130.0,73.37565,73.202855,7.769625,-9.44037,4.218428e-05,74.45160299425166,-1.2487479942516586,42.41867280251011,0.14427860696517414,-0.6974001966964127
30,131.0,73.52635000000001,72.08448999999999,7.75501,-9.31896,4.237421e-05,74.0421206170784,-1.957630617078408,39.65911677346698,0.14925373134328357,-1.267165395481413
31,132.0,73.677425,70.980215,7.800335,-9.12282,4.2124235e-05,73.63328702188119,-2.6530720218811865,33.435880190664506,0.15422885572139303,-1.8009459181251437
32,133.0,73.82785,70.06781,7.788765,-9.02157,4.219885e-05,73.22517359962708,-3.1573635996270895,42.06240567205782,0.15920398009950248,-2.28465204979674
33,134.0,73.97605,69.14934,7.818475000000001,-8.86513,4.227657e-05,72.81785023309577,-3.6685102330957733,34.71894721691472,0.16417910447761194,-2.705515843431693
34,135.0,74.125975,68.556685,7.83558,-8.768049999999999,4.204329e-05,72.41138530085051,-3.85470030085051,32.48302439035922,0.1691542288557214,-3.052428143518722
35,136.0,74.275325,67.813935,7.805875,-8.706335,4.2033855e-05,72.0058456812091,-4.1919106812090945,27.290075773210475,0.17412935323383083,-3.316231824287608
36,137.0,74.425375,67.21675,7.83105,-8.602745,4.2000165e-05,71.60129675621482,-4.384546756214817,24.752422407210442,0.1791044776119403,-3.489963501958558
37,138.0,74.5752,66.68350000000001,7.82047,-8.54223,4.1927065000000005e-05,71.19780241560736,-4.514302415607347,11.796205118909352,0.18407960199004975,-3.5690373407964073
38,139.0,74.725375,66.26707,7.81444,-8.50026,4.20182e-05,70.79542506079382,-4.528355060793814,30.539462996775494,0.1890547263681592,-3.5513661012100846
39,140.0,74.87595,66.04904,7.79632,-8.495705,4.228228e-05,70.3942256088196,-4.345185608819591,25.52809335662345,0.19402985074626866,-3.437416234701501
40,141.0,75.0275,65.866245,7.834085,-8.429665,4.205747e-05,69.99426349633936,-4.128018496339351,29.03376897140615,0.1990049751243781,-3.2301955713731254
41,142.0,75.175375,65.79979499999999,7.860255,-8.391345,4.195024e-05,69.59559668358807,-3.7958016835880812,25.304351653868103,0.20398009950248755,-2.935173924995794
42,143.0,75.32532499999999,65.77259000000001,7.840120000000001,-8.40983,4.2115775e-05,69.19828165835176,-3.4256916583517523,18.59269993217498,0.208955223880597,-2.5601387113518963
43,144.0,75.47595,65.90905000000001,7.83609,-8.431365,4.192181e-05,68.80237343993872,-2.8933234399387118,20.450471680790123,0.21393034825870647,-2.114989390964271
44,145.0,75.625,66.061125,7.868810000000001,-8.41512,4.1983165e-05,68.40792558315025,-2.346800583150241,17.30323013976401,0.21890547263681592,-1.6114761621172964
45,146.0,75.77525,66.26356000000001,7.86982,-8.436409999999999,4.1807675e-05,68.0149901822517,-1.7514301822516813,20.453586016448888,0.22388059701492538,-1.0628898016509967
46,147.0,75.92605,66.52287,7.884925,-8.45286,4.1930875e-05,67.62361787494335,-1.1007478749433517,13.329344384845967,0.2288557213930348,-0.48371084051616253
47,148.0,76.07615,66.80787000000001,7.88189,-8.49392,4.200116e-05,67.23385784633149,-0.42598784633148057,16.058347209712753,0.23383084577114427,0.11077266551857816
48,149.0,76.22765000000001,67.024905,7.85974,-8.549215,4.207383e-05,66.8457578328993,0.17914716710070877,16.19003874515364,0.23880597014925373,0.7048686806513292
49,150.0,76.377175,67.274665,7.891464999999999,-8.544475,4.2247785e-05,66.45936412647767,0.8153008735223324,19.03097777999962,0.24378109452736318,1.282895397322122
50,151.0,76.525675,67.535485,7.867805,-8.601659999999999,4.2186145e-05,66.07472157821644,1.460763421783554,12.920719588409913,0.24875621890547264,1.829595174502467
51,152.0,76.6759,67.775195,7.857729999999999,-8.647929999999999,4.2209075e-05,65.69187360255506,2.0833213974449336,16.785689758637897,0.2537313432835821,2.3305372796500547
52,153.0,76.82515,67.964505,7.842125,-8.6898,4.209994e-05,65.31086218119373,2.6536428188062757,12.636498814099227,0.25870646766169153,2.7724988035187623
53,154.0,76.97525,68.04206,7.831565,-8.70924,4.201525e-05,64.93172786706423,3.110332132935781,11.851532656581256,0.263681592039801,3.143813693164799
54,155.0,77.126175,68.056145,7.83861,-8.70338,4.20644e-05,64.55450978830105,3.5016352116989538,16.36582263928063,0.26865671641791045,3.434680690045337
55,156.0,77.276475,67.91214,7.840604999999999,-8.683605,4.203178e-05,64.179245652212,3.7328943477879903,13.884750028239893,0.2736318407960199,3.6374220448497585
56,157.0,77.427425,67.661885,7.85674,-8.636985,4.198019e-05,63.80597174924962,3.855913250750376,16.747104043065796,0.27860696517412936,3.746686180005572
57,158.0,77.578025,67.336585,7.848675,-8.59713,4.1835355e-05,63.43472295698173,3.9018620430182693,15.910512144029934,0.2835820895522388,3.7595889503627125
58,159.0,77.72614999999999,66.883905,7.833065,-8.563514999999999,4.214931e-05,63.06553274406258,3.818372255937419,11.694883706297272,0.2885572139303483,3.675789773327496
59,160.0,77.875775,66.34411,7.848165,-8.47433,4.2130815e-05,62.698433174203814,3.645676825796187,11.75226453212241,0.2935323383084577,3.4975006189089375
60,161.0,78.025425,65.846605,7.82955,-8.432895,4.2195005e-05,62.33345491014521,3.51315008985479,10.680649292213156,0.29850746268656714,3.229427622375418
61,162.0,78.17525,65.146185,7.867305,-8.300685,4.1996095e-05,61.97062721762596,3.1755577823740424,9.629860146902931,0.3034825870646766,2.8786468607188427
62,163.0,78.32575,64.33297,7.825,-8.241895,4.2006915e-05,61.609977969355334,2.7229920306446687,15.680361615051243,0.30845771144278605,2.454417571941035
63,164.0,78.47605,63.365655,7.796315,-8.144865,4.2031405e-05,61.25153364898385,2.114121351016145,15.127464672542551,0.31343283582089554,1.9679377474414281
64,165.0,78.62655,62.324325,7.816955,-7.992704999999999,4.195852e-05,60.89531935507398,1.429005644926022,8.497499078884172,0.31840796019900497,1.4320485489098802
65,166.0,78.77815000000001,61.413425,7.80739,-7.888185,4.183041e-05,60.54135880507136,0.8720661949286352,12.062315887519375,0.3233830845771144,0.8608953519603986
66,167.0,78.926675,60.30915,7.824515,-7.731655000000001,4.219124e-05,60.18967433927549,0.1194756607245111,8.355494309824687,0.3283582089552239,0.26955436362632157
67,168.0,79.075425,59.391200000000005,7.84516,-7.59444,4.222484e-05,59.84028692481096,-0.44908692481095613,9.56120076603677,0.3333333333333333,-0.3263653304476343
68,169.0,79.225775,58.42238,7.817465,-7.489610000000001,4.205877e-05,59.49321615959819,-1.0708361595981941,9.184371254934097,0.3383084577114428,-0.9111337847213627
69,170.0,79.3749,57.481775000000006,7.818965,-7.369114999999999,4.2104045e-05,59.148480276324364,-1.6667052763243575,8.7105593851749,0.34328358208955223,-1.469315402702894
70,171.0,79.525125,56.847325,7.82602,-7.279595,4.205999e-05,58.80609614641459,-1.9587711464145912,9.970861729471238,0.34825870646766166,-1.9861763762303566
71,172.0,79.67555,55.934905,7.81191,-7.173439999999999,4.211735e-05,58.46607928400263,-2.5311742840026312,10.245262704087219,0.35323383084577115,-2.4480736002909946
72,173.0,79.824975,55.21532499999999,7.813934999999999,-7.080045,4.2129715e-05,58.128443849901984,-2.9131188499019913,10.97685598903461,0.3582089552238806,-2.8428147975496487
73,174.0,79.97652500000001,54.53051000000001,7.811920000000001,-6.99439,4.215861e-05,57.79320265557678,-3.262692655576771,13.45478595680946,0.36318407960199006,-3.159980346709922
74,175.0,80.12604999999999,53.90562,7.83861,-6.892955000000001,4.201508e-05,57.46036716711275,-3.554747167112751,12.222167434464343,0.3681592039800995,-3.3911983196997455
75,176.0,80.2752,53.46753,7.80185,-6.868824999999999,4.2136435e-05,57.129947509188135,-3.6624175091881384,9.592981549778713,0.3731343283582089,-3.5303654677773744
76,177.0,80.425625,53.101975,7.831035,-6.7965,4.2086465e-05,56.801952469044764,-3.699977469044761,11.985286180237518,0.3781094527363184,-3.573808323390045
77,178.0,80.5749,52.897035,7.80486,-6.795475000000001,4.19966e-05,56.47638950045885,-3.579354500458848,6.017714451063494,0.38308457711442784,-3.520380165327339
78,179.0,80.72465,52.784745,7.82803,-6.759625,4.2069185e-05,56.15326472771196,-3.3685197277119556,5.500474625909338,0.3880597014925373,-3.3714912876691385
79,180.0,80.87535,52.69106000000001,7.81846,-6.76121,4.2165935000000005e-05,55.83258294956214,-3.1415229495621304,10.057345335078073,0.39303482587064675,-3.1310717735464215
80,181.0,81.026075,52.74595000000001,7.82803,-6.75908,4.225839e-05,55.51434764321453,-2.76839764321452,8.498408735073976,0.3980099502487562,-2.8054677563418555
81,182.0,81.176575,52.789255,7.861265,-6.738025,4.2059745e-05,55.19856096829274,-2.409305968292742,7.206585354279274,0.40298507462686567,-2.403273906628003
82,183.0,81.32742499999999,52.99571999999999,7.84213,-6.777235,4.200217e-05,54.88522377080945,-1.889503770809462,13.207205134873528,0.4079601990049751,-1.935106566532009
83,184.0,81.47595,53.18153,7.87538,-6.772415,4.199329e-05,54.574335587137575,-1.3928055871375733,6.721186565716991,0.4129353233830846,-1.4133235198905603
84,185.0,81.62582499999999,53.411655,7.883929999999999,-6.79093,4.2067095e-05,54.26589464798099,-0.8542396479809895,7.3687174517807925,0.417910447761194,-0.8516977951654909
85,186.0,81.775325,53.66393000000001,7.878884999999999,-6.827855,4.2120775e-05,53.95989788234579,-0.29596788234578497,12.352280722390962,0.4228855721393035,-0.2650541114452022
86,187.0,81.92497499999999,53.93786,7.908085,-6.8375900000000005,4.224317e-05,53.656340921510896,0.2815190784891044,7.433949532807694,0.42786069651741293,0.3311224360668198
87,188.0,82.07595,54.28933500000001,7.873845,-6.90893,4.2073945e-05,53.35521810299937,0.934116897000635,6.146231563740604,0.43283582089552236,0.9210951219057932
88,189.0,82.225975,54.664455,7.89702,-6.938070000000001,4.2119095e-05,53.05652247454905,1.6079325254509484,7.941642562865656,0.43781094527363185,1.4892909782528763
89,190.0,82.3763,54.91118,7.903565,-6.964544999999999,4.2294385000000005e-05,52.76024579808364,2.150934201916364,7.175712286627737,0.4427860696517413,2.0207118602819065
90,191.0,82.526975,55.11664,7.88292,-7.008615000000001,4.226316e-05,52.46637855368367,2.6502614463163283,7.735798814698355,0.44776119402985076,2.501330338430905
91,192.0,82.67635,55.298925,7.876885,-7.03711,4.219359e-05,52.174909943557445,3.124015056442552,14.132375488959568,0.4527363184079602,2.9184599675931415
92,193.0,82.825775,55.47214,7.883920000000001,-7.05269,4.226797e-05,51.885827896011946,3.5863121039880568,10.138257713197412,0.4577114427860696,3.2610901595716917
93,194.0,82.9758,55.49882,7.83257,-7.1027000000000005,4.2518295e-05,51.59911906942384,3.8997009305761594,5.582858003581329,0.4626865671641791,3.5201768194761796
94,195.0,83.12485000000001,55.40718,7.84867,-7.0766350000000005,4.222223e-05,51.31476885621028,4.092411143789718,6.047729721660582,0.46766169154228854,3.6888810743997236
95,196.0,83.275175,55.2244,7.82299,-7.076180000000001,4.2425465e-05,51.03276138680013,4.191638613199871,8.054839519614147,0.472636815920398,3.762749792873891
96,197.0,83.425825,54.923785,7.81594,-7.045765,4.237106e-05,50.75307953360462,4.170705466395383,8.60273273181668,0.47761194029850745,3.7398331300953074
97,198.0,83.576325,54.61109,7.84264,-6.98069,4.220444e-05,50.47570491498871,4.135385085011286,10.607316636209646,0.4825870646766169,3.620735996190376
98,199.0,83.72737500000001,54.03654,7.81845,-6.929535,4.2275255e-05,50.20061789924141,3.8359221007585944,6.712982352298389,0.48756218905472637,3.4086020889575455
99,200.0,83.8771,53.372375,7.8245,-6.8373800000000005,4.229138e-05,49.927797608547316,3.4445773914526825,11.29283548319504,0.4925373134328358,3.1090309125601725
100,201.0,84.025775,52.57829,7.849670000000001,-6.71551,4.22671e-05,49.65722192295714,2.921068077042861,5.9323022222905095,0.4975124378109453,2.7299299725514254
101,202.0,84.1765,51.906555,7.811405000000001,-6.661175,4.23043e-05,49.38886748435913,2.5176875156408656,5.932302222290537,-0.4975124378109453,2.2813060487036005
102,203.0,84.32505,51.1442,7.835595,-6.541135,4.216395e-05,49.12270970044951,2.0214902995504858,11.29283548319504,-0.4925373134328358,1.7750010552213988
103,204.0,84.47529999999999,50.41306,7.840115,-6.443965,4.204129e-05,48.858722748703826,1.5543372512961753,6.712982352298399,-0.48756218905472637,1.2243794605951126
104,205.0,84.62545,49.549495,7.847665000000001,-6.32777,4.2143675e-05,48.596879580347526,0.9526154196524743,10.607316636209651,-0.4825870646766169,0.6439755179847515
105,206.0,84.775725,48.742815,7.819979999999999,-6.243975,4.2166355e-05,48.33715192432734,0.40566307567266335,8.60273273181668,-0.47761194029850745,0.04910961787135412
106,207.0,84.926375,47.783065,7.797825,-6.1414,4.232231e-05,48.07951029128196,-0.2964452912819624,8.054839519614161,-0.472636815920398,-0.5445161102374758
107,208.0,85.076775,46.93963,7.80286,-6.03001,4.231563e-05,47.823923977512834,-0.8842939775128329,6.047729721660573,-0.46766169154228854,-1.1212322725169312
108,209.0,85.22555,46.031745,7.805370000000001,-5.90949,4.218874e-05,47.570361068955606,-1.538616068955605,5.582858003581329,-0.4626865671641791,-1.6658158214406973
109,210.0,85.37535,45.314195,7.775665000000001,-5.841279999999999,4.214919e-05,47.31878844515061,-2.0045934451506113,10.138257713197406,-0.4577114427860696,-2.1638918846025788
110,211.0,85.525375,44.619825000000006,7.796815,-5.73799,4.2081105e-05,47.06917178321414,-2.449346783214132,14.132375488959568,-0.4527363184079602,-2.602313205037746
111,212.0,85.67485,43.9496,7.804869999999999,-5.64434,4.2558565e-05,46.82147556180894,-2.8718755618089418,7.735798814698355,-0.44776119402985076,-2.9695071773051147
112,213.0,85.825225,43.383115,7.818465000000001,-5.561674999999999,4.2109015e-05,46.57566306511591,-3.192548065115915,7.175712286627785,-0.4427860696517413,-3.2557813189378626
113,214.0,85.9756,42.957635,7.814425,-5.510955,4.237177e-05,46.33169638680432,-3.374061386804314,7.9416425628656135,-0.43781094527363185,-3.453579114012444
114,215.0,86.126375,42.564350000000005,7.800835000000001,-5.468145000000001,4.2288925e-05,46.08953643400302,-3.525186434003018,6.146231563740604,-0.43283582089552236,-3.557679475567922
115,216.0,86.27765000000001,42.31661,7.85724,-5.395785,4.2455885e-05,45.84914293127171,-3.53253293127171,7.433949532807711,-0.42786069651741293,-3.56533456184934
116,217.0,86.426625,42.08044,7.87335,-5.353425,4.2231345e-05,45.610474424571194,-3.530034424571191,12.352280722390962,-0.4228855721393035,-3.476342308565971
117,218.0,86.575525,41.98427,7.825015,-5.3781300000000005,4.2103765e-05,45.373488285235204,-3.389218285235202,7.3687174517807925,-0.417910447761194,-3.2930517625970683
118,219.0,86.72565,41.924865,7.84717,-5.35407,4.219624e-05,45.13814071394051,-3.2132757139405115,6.721186565716975,-0.4129353233830846,-3.0203010763560836
119,220.0,86.87507500000001,42.057285,7.838115,-5.37851,4.212497e-05,44.90438674467848,-2.8471017446784828,13.207205134873528,-0.4079601990049751,-2.66528979951939
120,221.0,87.0251,42.23404,7.8673,-5.382820000000001,4.235086e-05,44.67218024872566,-2.4381402487256594,7.206585354279274,-0.40298507462686567,-2.237388839117441
121,222.0,87.1764,42.532635,7.871845,-5.417845,4.216036e-05,44.44147393861489,-1.9088389386148918,8.498408735073998,-0.3980099502487562,-1.7478931042976242
122,223.0,87.32625,42.850385,7.856225,-5.46933,4.219828e-05,44.21221937210628,-1.36183437210628,10.057345335078088,-0.39303482587064675,-1.2097233649680736
123,224.0,87.47720000000001,43.22147,7.861265,-5.512465000000001,4.1938125e-05,43.98436695615818,-0.7628969561581869,5.500474625909338,-0.3880597014925373,-0.6370851940863758
124,225.0,87.627075,43.574465,7.880915,-5.54406,4.2006735e-05,43.75786595089788,-0.18340095089788377,6.017714451063498,-0.38308457711442784,-0.04509399618057269
125,226.0,87.77555,44.068935,7.83206,-5.64071,4.205739e-05,43.53266447359284,0.536270526407165,11.98528618023751,-0.3781094527363184,0.5506239801189785
126,227.0,87.925775,44.372565,7.88593,-5.6386400000000005,4.2154435e-05,43.30870950262163,1.0638554973783698,9.592981549778713,-0.3731343283582089,1.1343441138311792
127,228.0,88.0749,44.655555,7.889955,-5.672535,4.218428e-05,43.085946881444535,1.5696081185554647,12.222167434464348,-0.3681592039800995,1.6906584800203464
128,229.0,88.2245,44.944105,7.912125,-5.69071,4.23085e-05,42.86432132257495,2.0797836774250484,13.454785956809433,-0.36318407960199006,2.204882558657361
129,230.0,88.37552500000001,45.330815,7.911624999999999,-5.741085,4.216429e-05,42.643776411550085,2.6870385884499157,10.97685598903461,-0.3582089552238806,2.6634428484251673
130,231.0,88.52602499999999,45.44058,7.86933,-5.785645000000001,4.192508e-05,42.42425461090214,3.016325389097858,10.245262704087203,-0.35323383084577115,3.0542351539822277
131,232.0,88.676575,45.48338,7.888450000000001,-5.77607,4.1984635e-05,42.20569726412889,3.2776827358711103,9.970861729471228,-0.34825870646766166,3.366944089304126
132,233.0,88.827675,45.51157,7.893984999999999,-5.775205,4.2098915e-05,41.988044599664704,3.523525400335295,8.7105593851749,-0.34328358208955223,3.5933153634663464
133,234.0,88.97595,45.388725,7.885434999999999,-5.767855,4.222074e-05,41.771235734852105,3.6174892651478956,9.184371254934087,-0.3383084577114428,3.7273736615903243
134,235.0,89.125875,45.19989,7.870315,-5.75723,4.2121645e-05,41.55520867991176,3.644681320088246,9.561200766036773,-0.3333333333333333,3.765580369749284
135,236.0,89.275875,44.935535,7.87183,-5.71993,4.2029855e-05,41.33990034191411,3.595634658085892,8.355494309824687,-0.3283582089552239,3.706926980514138
136,237.0,89.42555,44.622835,7.8381,-5.70413,4.216901e-05,41.12524652875006,3.4975884712499408,12.062315887519372,-0.3233830845771144,3.552961713599034
137,238.0,89.575475,44.05888,7.850175,-5.62363,4.2068615e-05,40.91118195310216,3.147698046897844,8.497499078884184,-0.31840796019900497,3.307748648925703
138,239.0,89.72575,43.484335,7.855715000000001,-5.547995,4.1871425e-05,40.697640236415296,2.7866947635847055,15.127464672542551,-0.31343283582089554,2.9777604508336606
139,240.0,89.8759,42.81814,7.841625,-5.471665,4.2122215e-05,40.48455391286756,2.3335860871324385,15.680361615051254,-0.30845771144278605,2.5717075150968873
140,241.0,90.027225,41.964125,7.8512,-5.355795,4.2106865e-05,40.271854433341495,1.6922705666585074,9.629860146902939,-0.3034825870646766,2.1003080485963723
141,242.0,90.17525,41.23552,7.83458,-5.27663,4.187925e-05,40.05947216939497,1.1760478306050288,10.680649292213156,-0.29850746268656714,1.5760051506447577
142,243.0,90.325525,40.395095000000005,7.80689,-5.187585,4.195785e-05,39.84733641723227,0.5477585827677345,11.75226453212243,-0.2935323383084577,1.0126383639075072
143,244.0,90.475625,39.641795,7.776165000000001,-5.109585,4.2133975e-05,39.63537540167426,0.006419598325742015,11.694883706297265,-0.2885572139303483,0.4250783646898926
144,245.0,90.62495,38.794335,7.80034,-4.98644,4.221422e-05,39.42351628013053,-0.6291812801305312,15.910512144029934,-0.2835820895522388,-0.17116556466485616
145,246.0,90.775325,38.08284,7.853709999999999,-4.861805,4.2157955e-05,39.21168514656961,-1.1288451465696099,16.747104043065836,-0.27860696517412936,-0.7603549200753399
146,247.0,90.925625,37.252995,7.80689,-4.78293,4.21588e-05,38.99980703548983,-1.7468120354898318,13.884750028239962,-0.2736318407960199,-1.3269374105774794
147,248.0,91.076575,36.487605,7.798335,-4.68901,4.221387e-05,38.78780592589063,-2.3002009258906284,16.36582263928063,-0.26865671641791045,-1.8559574778834165
148,249.0,91.227625,35.74338,7.817455,-4.58212,4.196056e-05,38.57560474524344,-2.832224745243437,11.851532656581295,-0.263681592039801,-2.3334510645352
149,250.0,91.37695,35.052515,7.837595,-4.48081,4.212082e-05,38.363125373462715,-3.3106103734627155,12.636498814099186,-0.25870646766169153,-2.7468142103205584
150,251.0,91.5253,34.36871,7.81545,-4.40559,4.221102e-05,38.15028864687624,-3.781578646876241,16.785689758637897,-0.2537313432835821,-3.0851357474493506
151,252.0,91.6758,33.853584999999995,7.835590000000001,-4.32805,4.2115545e-05,37.93701436219716,-4.083429362197165,12.920719588409925,-0.24875621890547264,-3.339485312641034
152,253.0,91.824775,33.44219,7.855225,-4.26476,4.1890485e-05,37.72322128049408,-4.2810312804940835,19.030977779999596,-0.24378109452736318,-3.5031490737326267
153,254.0,91.975425,33.15969,7.816945,-4.25043,4.21198e-05,37.50882713116222,-4.349137131162223,16.19003874515364,-0.23880597014925373,-3.57180694854784
154,255.0,92.1257,32.92857,7.853709999999999,-4.201124999999999,4.207204e-05,37.293748615894266,-4.365178615894266,16.058347209712824,-0.23383084577114427,-3.5436466381435685
155,256.0,92.276275,32.742270000000005,7.857744999999999,-4.175675,4.21451e-05,37.07790141265234,-4.335631412652333,13.329344384845998,-0.2288557213930348,-3.4194114644027134
156,257.0,92.42695,32.696945,7.88544,-4.1535400000000005,4.2102935e-05,36.86120017963703,-4.164255179637031,20.453586016448888,-0.22388059701492538,-3.2023807492482503
157,258.0,92.57755,32.81327,7.878884999999999,-4.17318,4.236852e-05,36.64355855926013,-3.8302885592601257,17.303230139763922,-0.21890547263681592,-2.8982832533905105
158,259.0,92.726075,33.04942,7.872845,-4.20572,4.205235e-05,36.4248891821145,-3.3754691821145,20.450471680790148,-0.21393034825870647,-2.5151459594855607
159,260.0,92.875725,33.25689,7.882405,-4.22792,4.2155985e-05,36.20510367094549,-2.948213670945492,18.59269993217498,-0.208955223880597,-2.0630821912370156
160,261.0,93.025275,33.594765,7.887955,-4.269465,4.2330835e-05,35.984112644621746,-2.3893476446217434,25.304351653868167,-0.20398009950248755,-1.5540246612669872
161,262.0,93.174725,33.89638,7.88241,-4.3105,4.2322365e-05,35.76182572210645,-1.8654457221064504,29.033768971406122,-0.1990049751243781,-1.0014104942465332
162,263.0,93.325425,34.290145,7.90809,-4.34471,4.231187e-05,35.538151526427725,-1.248006526427723,25.52809335662345,-0.19402985074626866,-0.4198265394414288
163,264.0,93.47555,34.75542,7.89652,-4.41023,4.2352425e-05,35.312997688650036,-0.557577688650035,30.539462996775516,-0.1890547263681592,0.17537566496778223
164,265.0,93.626225,35.240335,7.870319999999999,-4.485865,4.223706e-05,35.08627085184486,0.15406414815514324,11.79620511890931,-0.18407960199004975,0.7684851123574844
165,266.0,93.777425,35.642174999999995,7.87335,-4.535415,4.2220435e-05,34.8578766750618,0.7842983249381916,24.752422407210442,-0.1791044776119403,1.3438460366914404
166,267.0,93.926425,35.956885,7.886435,-4.56718,4.2286675e-05,34.62771983729978,1.329165162700221,27.290075773210436,-0.17412935323383083,1.886271163416252
167,268.0,94.0753,36.344100000000005,7.92118,-4.59701,4.205382e-05,34.39570404147733,1.9483959585226742,32.48302439035926,-0.1691542288557214,2.381442594016635
168,269.0,94.225675,36.608455,7.888445,-4.650335,4.2015285e-05,34.161732018403804,2.4467229815961957,34.71894721691472,-0.16417910447761194,2.816289742449129
169,270.0,94.37485,36.79174,7.89349,-4.6723300000000005,4.217813e-05,33.92570553075127,2.8660344692487243,42.06240567205791,-0.15920398009950248,3.179334347412494
170,271.0,94.52565,36.885405,7.911119999999999,-4.67166,4.212649e-05,33.68752537702354,3.1978796229764583,33.43588019066439,-0.15422885572139303,3.4609934534825157
171,272.0,94.67645,36.92719,7.890975,-4.689475,4.2189195e-05,33.44709139552917,3.4800986044708324,39.65911677346698,-0.14925373134328357,3.653832363596095
172,273.0,94.827425,36.894985,7.891974999999999,-4.68452,4.2148495e-05,33.20430246835062,3.6906825316493794,42.41867280250999,-0.14427860696517414,3.752760885929962
173,274.0,94.977975,36.762555,7.874365,-4.681405,4.2156525e-05,32.95905652531686,3.8034984746831384,42.57267693356756,-0.13930348258706468,3.7551676950250648
174,275.0,95.12705,36.452875,7.830540000000001,-4.66422,4.204861e-05,32.71125054797304,3.7416244520269615,40.044252997140525,-0.13432835820895522,3.660989260549434
175,276.0,95.275975,36.118525,7.872845,-4.59856,4.2095195e-05,32.460780573551666,3.657744426448332,45.515353848040526,-0.12935323383084577,3.4727115242500712
176,277.0,95.426,35.661305,7.845145,-4.55532,4.2201915e-05,32.207541698944375,3.4537633010556235,37.745098770815105,-0.12437810945273632,3.195304280828969
177,278.0,95.574975,35.111435,7.870839999999999,-4.46723,4.2051585e-05,31.951428084672166,3.160006915327834,42.371411927741526,-0.11940298507462686,2.8360899948309948
178,279.0,95.724875,34.581705,7.818980000000001,-4.431215,4.1916665e-05,31.69233295885595,2.8893720411440498,40.349153675367525,-0.1144278606965174,2.4045505162641128
179,280.0,95.875625,33.868185,7.799325,-4.350425,4.200352e-05,31.430148621188522,2.438036378811475,85.69065908717238,-0.10945273631840796,1.9120767969021752
180,281.0,96.026125,33.132505,7.81091,-4.2515,4.2025835e-05,31.16476644690526,1.9677385530947404,73.68822017151778,-0.1044776119402985,1.3716682137796337
181,282.0,96.17675,32.28858,7.78422,-4.1564950000000005,4.1988335e-05,30.896076890754046,1.3925031092459577,80.83045647900742,-0.09950248756218905,0.7975894365600347
182,283.0,96.327725,31.321785,7.815444999999999,-4.01553,4.2085125e-05,30.623969490967745,0.6978155090322531,111.69671262729538,-0.0945273631840796,0.20499389613548533
183,284.0,96.4758,30.572025000000004,7.80738,-3.923455,4.1997515e-05,30.34833287323407,0.22369212676593264,51.058709654853004,-0.08955223880597014,-0.3904762065885408
184,285.0,96.62515,29.737125,7.79481,-3.82337,4.198489e-05,30.069054754666872,-0.3319297546668736,73.12568686115459,-0.0845771144278607,-0.9731027935223491
185,286.0,96.775075,28.945065,7.822495000000001,-3.706745,4.2046555e-05,29.786021947777385,-0.8409569477773857,106.65564593839127,-0.07960199004975124,-1.5275068050814788
186,287.0,96.92445,28.20286,7.833070000000001,-3.609675,4.186224e-05,29.49912036444435,-1.2962603644443504,123.15510116986404,-0.07462686567164178,-2.0390541471156736
187,288.0,97.075775,27.50243,7.79127,-3.538635,4.2229975e-05,29.208235019886217,-1.705805019886217,182.92181492904024,-0.06965174129353234,-2.4942419736686072
188,289.0,97.2263,26.90219,7.821994999999999,-3.4473,4.228299e-05,28.913250036630814,-2.0110600366308127,255.69574794122883,-0.06467661691542288,-2.8810551092167995
189,290.0,97.376825,26.412745,7.840604999999999,-3.37557,4.218129e-05,28.614048648487113,-2.2013036484871122,372.75616669725724,-0.05970149253731343,-3.1892832022365303
190,291.0,97.5281,25.93238,7.8673,-3.304945,4.209152e-05,28.310513204515892,-2.378133204515894,283.0287808993922,-0.05472636815920398,-3.410790238487354
191,292.0,97.676775,25.6796,7.83811,-3.28429,4.2090965000000005e-05,28.00252517300069,-2.322925173000691,573.0505498257454,-0.04975124378109452,-3.539729299916996
192,293.0,97.825325,25.491765,7.872339999999999,-3.24539,4.18724e-05,27.689965145418952,-2.1982001454189515,833.750622816006,-0.04477611940298507,-3.572696900393925
193,294.0,97.97555,25.38905,7.84061,-3.244755,4.2004595e-05,27.372712840412625,-1.9836628404126238,1382.400922267358,-0.03980099502487562,-3.5088228244088246
194,295.0,98.124675,25.444435,7.842135000000001,-3.25141,4.197541e-05,27.05064710775941,-1.6062121077594114,3194.71080773602,-0.03482587064676617,-3.3497930973551546
195,296.0,98.27495,25.57587,7.84918,-3.26488,4.1926195e-05,26.723645932343665,-1.1477759323436665,11153.749981770177,-0.029850746268656716,-3.0998054810634046
196,297.0,98.425225,25.733980000000003,7.860250000000001,-3.27991,4.2011185e-05,26.391586438127206,-0.6576064381272033,120862.90262533573,-0.02487562189054726,-2.765458669332567
197,298.0,98.5756,26.04515,7.876869999999999,-3.3129,4.1842985000000005e-05,26.054344892120398,-0.009194892120397924,1571.6853012550391,-0.01990049751243781,-2.355578108262783
198,299.0,98.72645,26.36945,7.865810000000001,-3.358695,4.1923035e-05,25.711796708352757,0.6576532916472431,103.92975160566867,-0.014925373134328358,-1.8809830390499591
199,300.0,98.8766,26.723435,7.883415000000001,-3.3960700000000004,4.1954995e-05,25.363816451845096,1.3596185481549021,1775.4634222075088,-0.009950248756218905,-1.354200912400277
200,301.0,99.024675,27.13583,7.86982,-3.454245,4.181181e-05,25.010277842578375,2.125552157421623,4.671853903726445,-0.004975124378109453,-0.7891367129049993
