,time delay,stg_pos,V_in,V_out,ratio,DVD,poly fit,poly res,Residual FFT,Associated F,Sine Res Fit
0,101.0,69.0005,27.09203,0.8016069399999999,-22.49753,4.062867e-05,27.903510988504742,-0.8114809885047407,1.5358548922309292e-21,0.0,-1.8364993018598008
1,102.0,69.17455,27.112675000000003,0.794558845,-30.250250000000005,4.0863390000000005e-05,27.912052702523845,-0.7993777025238415,2.8383349992860416,0.004975124378109453,-1.9038291825932054
2,103.0,69.32277500000001,27.07642,0.8011094,66.91641999999999,4.0743395e-05,27.91473424575421,-0.8383142457542121,1067.49484050325,0.009950248756218905,-1.9199037832717618
3,104.0,69.474275,26.960105,0.80563577,-31.446155,4.0722805e-05,27.911714135469985,-0.9516091354699867,17.40973979524444,0.014925373134328358,-1.8843039462285485
4,105.0,69.62452499999999,26.9178,0.81067619,-308.93269,4.0791015e-05,27.903148884294986,-0.9853488842949858,485.0570680063482,0.01990049751243781,-1.7979579647964012
5,106.0,69.774975,26.922335,0.7945604900000001,136.85341,4.0700315e-05,27.88919300752594,-0.9668580075259392,37816.50004552005,0.02487562189054726,-1.663117377340027
6,107.0,69.92595,26.95657,0.7729033,-85.98404500000001,4.0875025e-05,27.869999030455737,-0.9134290304557382,3507.602059594167,0.029850746268656716,-1.4832982566487243
7,108.0,70.075875,27.108645000000003,0.7648467099999999,128.07357,4.087578e-05,27.845717495696825,-0.7370724956968218,716.2123527317599,0.03482587064676617,-1.263189525614228
8,109.0,70.22465,27.25114,0.771400055,,4.1042945e-05,27.81649697050444,-0.565356970504439,189.66818843286873,0.03980099502487562,-1.008530689933402
9,110.0,70.375175,27.454065000000003,0.7834914599999999,-inf,4.1091210000000005e-05,27.78248405409989,-0.3284190540998857,143.08102717908582,0.04477611940298507,-0.7259621760504251
10,111.0,70.5249,27.62477,0.774423545,,4.111997e-05,27.74382338499391,-0.11905338499390794,47.785613759141626,0.04975124378109452,-0.4228521768923264
11,112.0,70.6747,27.85187,0.75428604,,4.1209535e-05,27.700657648309893,0.15121235169010916,41.08366852084858,0.05472636815920398,-0.107104520529787
12,113.0,70.82565,28.091045,0.7678738949999999,-249.9908,4.0821585e-05,27.653127583107143,0.43791741689285857,22.12305433949888,0.05970149253731343,0.21304742826353867
13,114.0,70.975575,28.318165,0.76535258,-149.72525000000002,4.079625e-05,27.601371989704326,0.7167930102956745,30.646340991346143,0.06467661691542288,0.5292554593765616
14,115.0,71.126875,28.531655,0.7764335250000001,-79.56021,4.084839e-05,27.54552773700255,0.9861272629974493,18.612920627207966,0.06965174129353234,0.833274203407308
15,116.0,71.277625,28.678695,0.7734150449999999,-174.41548500000002,4.086347e-05,27.48572976980885,1.1929652301911524,19.919616810805476,0.07462686567164178,1.117176136058506
16,117.0,71.42695,28.81967,0.7678746249999999,27.849879999999995,4.088289e-05,27.422111116159407,1.397558883840592,9.265548997144789,0.07960199004975124,1.3735582944756053
17,118.0,71.57565,28.926425,0.77290608,6.870879999999997,4.099869e-05,27.354802894642766,1.571622105357232,7.321031002338807,0.0845771144278607,1.5957353152389002
18,119.0,71.72645,29.04728,0.75376828,88.49492500000001,4.0949975e-05,27.283934321723244,1.7633456782767567,5.7835876771821075,0.08955223880597014,1.7779137603943866
19,120.0,71.87530000000001,29.139925,0.77089495,-121.922025,4.0757775e-05,27.209632719064153,1.9302922809358485,4.0136433848545865,0.0945273631840796,1.9153431858369696
20,121.0,72.0251,29.162085,0.7713919349999999,-97.85071,4.09503e-05,27.132023520851114,2.0300614791488876,2.5730712312599997,0.09950248756218905,2.0044400128211035
21,122.0,72.17565,29.12381,0.77291101,,4.1101615e-05,27.051230281115373,2.0725797188846258,3.246656360405328,0.1044776119402985,2.042880972553008
22,123.0,72.3256,29.044760000000004,0.785503785,-163.113625,4.103661e-05,26.96737468105706,2.0773853189429445,1.016196389194444,0.10945273631840796,2.0296636872245073
23,124.0,72.4762,28.856425,0.782475875,79.158125,4.1085625e-05,26.880576536368487,1.9758484636315146,1.8611639631404016,0.1144278606965174,1.9651328077909893
24,125.0,72.626575,28.67969,0.76888132,-59.98327000000002,4.100945e-05,26.790953804557383,1.8887361954426183,4.923932477415354,0.11940298507462686,1.8509710269307216
25,126.0,72.775625,28.410295,0.763846385,,4.096795e-05,26.69862259227032,1.711672407729683,1.7763799727467646,0.12437810945273632,1.6901552015295354
26,127.0,72.9257,28.101620000000004,0.7572895799999999,155.84262,4.102787e-05,26.603697162615937,1.497922837384067,1.8566739753319403,0.12935323383084577,1.4868787288311551
27,128.0,73.07502500000001,27.724470000000004,0.768363445,114.278365,4.100151e-05,26.50628994248823,1.2181800575117734,3.0050015801497496,0.13432835820895522,1.2464422003551165
28,129.0,73.225,27.2733,0.76887342,-76.291015,4.0949035e-05,26.406511529889734,0.866788470110265,1.8172677132696529,0.13930348258706468,0.975115184866076
29,130.0,73.37615,26.93492,0.76535043,-108.12418499999998,4.0880545e-05,26.304470701255163,0.6304492987448391,3.465896317045212,0.14427860696517414,0.679972744510835
30,131.0,73.52657500000001,26.444475,0.7487345449999999,15.157574999999998,4.093994e-05,26.20027441877415,0.24420058122585075,0.6674391897618951,0.14925373134328357,0.3687109470911724
31,132.0,73.67737500000001,25.946465,0.7527688299999999,,4.070471e-05,26.09402783771514,-0.14756283771513878,0.8447401826557143,0.15422885572139303,0.04944618513326559
32,133.0,73.82787499999999,25.439405,0.762333385,-120.90243999999998,4.0910915e-05,25.985834313748192,-0.5464293137481917,1.3711233346992913,0.15920398009950248,-0.26949646533585997
33,134.0,73.9765,25.03253,0.766358495,-inf,4.0979835e-05,25.875795410268587,-0.8432654102685859,1.1527170056397702,0.16417910447761194,-0.579800327595855
34,135.0,74.1261,24.562735,0.7663535899999999,120.701905,4.098321e-05,25.76401090571995,-1.2012759057199496,1.0201295099003986,0.1691542288557214,-0.8733739880220026
35,136.0,74.2756,24.09495,0.7633475049999999,-142.597965,4.0988175e-05,25.65057880091765,-1.555628800917649,0.8323174037934878,0.17412935323383083,-1.1425622859646292
36,137.0,74.424925,23.690605,0.7759278000000001,,4.0953625e-05,25.535595326371997,-1.8449903263719953,0.5232093019249259,0.1791044776119403,-1.380345927993995
37,138.0,74.5754,23.30388,0.7844909299999999,-277.49833,4.0820775e-05,25.41915494961163,-2.1152749496116314,1.097744974331656,0.18407960199004975,-1.5805245214149062
38,139.0,74.725325,22.99975,0.80212552,-124.18677499999998,4.107203e-05,25.30135038250679,-2.301600382506791,1.7390546382271976,0.1890547263681592,-1.737878254310182
39,140.0,74.87665,22.74293,0.797587695,,4.0868885e-05,25.182272588592376,-2.4393425885923747,0.8454686251055292,0.19402985074626866,-1.8483040061805291
40,141.0,75.027275,22.564175,0.79506479,,4.092609e-05,25.062010790391746,-2.497835790391747,2.1629712650089177,0.1990049751243781,-1.9089223399906174
41,142.0,75.1762,22.420165,0.7900279299999999,-27.101695,4.096077e-05,24.940652476739494,-2.5204874767394934,0.721515917191111,0.20398009950248755,-1.9181525857206583
42,143.0,75.325375,22.32903,0.77089601,-35.44966,4.0599235e-05,24.818283410105018,-2.489253410105018,0.44213880018542906,0.208955223880597,-1.8757540575618632
43,144.0,75.47605,22.255515,0.776937065,-46.26443,4.0909075e-05,24.694987633915723,-2.4394726339157238,0.869054346226631,0.21393034825870647,-1.7828323299853688
44,145.0,75.62474999999999,22.273625000000003,0.778949055,-141.10156999999998,4.0907545e-05,24.570847479880463,-2.2972224798804604,0.9396587816431796,0.21890547263681592,-1.6418104090313472
45,146.0,75.7755,22.328505,0.773409455,-160.050595,4.08965e-05,24.445943575312533,-2.1174385753125335,1.125770101935126,0.22388059701492538,-1.4563655505491875
46,147.0,75.925475,22.439295,0.77441771,130.478515,4.093064e-05,24.320354850453292,-1.8810598504532905,1.3395297461149214,0.2288557213930348,-1.2313333729022071
47,148.0,76.0766,22.567715,0.7935583749999999,35.348,4.109306e-05,24.19415854579517,-1.6264435457951691,0.3892273008056291,0.23383084577114427,-0.9725817644722947
48,149.0,76.22755,22.749495,0.8076479649999999,117.5681,4.093138000000001e-05,24.06743021940523,-1.317935219405232,0.8441261028055437,0.23880597014925373,-0.6868578739240032
49,150.0,76.37745,22.93882,0.78851357,-6.602635000000001,4.099151e-05,23.940243754248293,-1.001423754248293,0.49027672548217754,0.24378109452736318,-0.38161217307567125
50,151.0,76.526,23.1644,0.77189676,3.5224950000000006,4.091931e-05,23.812671365510106,-0.6482713655101051,0.222266647444189,0.24875621890547264,-0.06480418007420677
51,152.0,76.67580000000001,23.39401,0.79153783,-81.96660999999999,4.1048985e-05,23.68478360792097,-0.2907736079209684,1.1171562728974322,0.2537313432835821,0.2553050912073525
52,153.0,76.82509999999999,23.64226,0.78600331,-75.420625,4.0904075e-05,23.556649383078856,0.08561061692114436,1.0888833671014253,0.25870646766169153,0.5703685435070609
53,154.0,76.975075,23.851245,0.786003045,66.48255499999999,4.082025e-05,23.428335946772556,0.42290905322744266,1.0148801265471912,0.263681592039801,0.8721706532023494
54,155.0,77.12625,24.062725,0.805646825,-68.89487,4.1090655e-05,23.29990891630522,0.7628160836947799,1.070670568972937,0.26865671641791045,1.1528416964535881
55,156.0,77.275975,24.269175,0.80111028,-87.242555,4.0979175e-05,23.171432277817537,1.0977427221824634,0.6885840560625804,0.2736318407960199,1.4050629583505874
56,157.0,77.4275,24.391035,0.79355177,-48.12083,4.0939375e-05,23.04296839361097,1.348066606389029,0.970534113959537,0.27860696517412936,1.6222575740741656
57,158.0,77.57742499999999,24.49476,0.7804613,-53.160595,4.085558e-05,22.914578009471178,1.5801819905288212,1.207604823866676,0.2835820895522388,1.7987620257419545
58,159.0,77.72592499999999,24.55871,0.78046184,-89.2459,4.0935145e-05,22.786320261991186,1.7723897380088154,0.5422089852104561,0.2885572139303483,1.9299738230251624
59,160.0,77.876,24.56827,0.7885216899999999,-85.08111,4.0904405e-05,22.65825268589481,1.9100173141051897,0.3548212475757497,0.2935323383084577,2.0124715166497498
60,161.0,78.025625,24.497775,0.7789542949999999,89.744515,4.0958365e-05,22.530431221359848,1.9673437786401529,0.5576537179270341,0.29850746268656714,2.0441039153371565
61,162.0,78.17519999999999,24.410665,0.7708978,-2.493779999999997,4.083986e-05,22.40291022134126,2.007754778658743,0.35953189790914025,0.3034825870646766,2.0240461797835527
62,163.0,78.325875,24.259595,0.78499321,-175.74773999999996,4.0722215e-05,22.275742458894847,1.9838525411051542,0.33226681476703707,0.30845771144278605,1.9528213309837723
63,164.0,78.47607500000001,24.003315,0.7764322349999999,-90.279095,4.085947e-05,22.148979134500053,1.854335865499948,0.48997894930956004,0.31343283582089554,1.8322866120536303
64,165.0,78.626875,23.743485,0.7673709599999999,-116.75163,4.098329e-05,22.02266988338374,1.720815116616258,0.7959455844340344,0.31840796019900497,1.6655850591767551
65,166.0,78.7782,23.48518,0.76333803,7.350279999999995,4.0837385e-05,21.89686278284296,1.5883172171570408,1.0591846138916552,0.3233830845771144,1.4570635445009068
66,167.0,78.926625,23.119575,0.77341077,-30.51864,4.0806455e-05,21.7716043595687,1.3479706404313028,0.33814395440945044,0.3283582089552239,1.2121594280789156
67,168.0,79.075525,22.7077,0.778452785,-48.40555,4.0764505e-05,21.646939596969098,1.0607604030309012,0.491999772393342,0.3333333333333333,0.9372587744925467
68,169.0,79.225875,22.26053,0.78297231,52.99123,4.0977095e-05,21.522911942492357,0.7376180575076425,0.6660290390972154,0.3383084577114428,0.639529831270714
69,170.0,79.375,21.778145,0.791543295,-inf,4.078885e-05,21.399563314950562,0.37858168504943635,0.6372116673976286,0.34328358208955223,0.326736111281457
70,171.0,79.52455,21.318925,0.78650321,-10.916435000000002,4.096109e-05,21.27693411184265,0.041990888157350525,0.5891597505917895,0.34825870646766166,0.0070339531188132465
71,172.0,79.675325,20.833005,0.7774444949999999,-87.90598,4.093181e-05,21.15506321667771,-0.3220582166777106,0.5161642800039031,0.35323383084577115,-0.31124016174526903
72,173.0,79.8253,20.42211,0.773412615,-135.92217499999998,4.0957150000000005e-05,21.0339880062985,-0.6118780062985003,0.36074997391249747,0.3582089552238806,-0.6197869891742669
73,174.0,79.97605,20.05402,0.7693847199999999,-152.14051,4.1026895e-05,20.913744358204433,-0.8597243582044314,0.5866345485357922,0.36318407960199006,-0.9105609315880452
74,175.0,80.125725,19.67838,0.76787334,-33.246885,4.102763e-05,20.794366657875152,-1.1159866578751512,0.2894924153901773,0.3681592039800995,-1.175979833153209
75,176.0,80.2754,19.23627,0.7759263,-100.345605,4.0866465e-05,20.675887806093606,-1.4396178060936045,0.4259854564044451,0.3731343283582089,-1.4091226903710392
76,177.0,80.425175,18.90394,0.7799588749999999,-43.86865,4.091498e-05,20.558339226269396,-1.6543992262693976,0.6161888151734465,0.3781094527363184,-1.6039101226058705
77,178.0,80.574375,18.57613,0.76988873,-98.75265,4.061339e-05,20.441750871762196,-1.8656208717621965,0.4567116540343373,0.38308457711442784,-1.7552628966453736
78,179.0,80.724375,18.320825,0.7713993299999999,-73.865335,4.0837810000000005e-05,20.32615123320501,-2.005326233205011,0.5992684790478848,0.3880597014925373,-1.85923437164185
79,180.0,80.875775,18.16323,0.768879465,87.171065,4.084121e-05,20.211567345827227,-2.0483373458272283,0.4476766599467469,0.39303482587064675,-1.9131134108300618
80,181.0,81.025825,18.032295,0.774930685,,4.082612e-05,20.098024796778162,-2.065729796778161,0.5955321974765012,0.3980099502487562,-1.9154950765189467
81,182.0,81.17637500000001,17.978925,0.777952205,-13.31573,4.098263e-05,19.9855477324503,-2.0066227324502997,0.5269862331434852,0.40298507462686567,-1.8663172649304036
82,183.0,81.327675,17.979935,0.781471695,3.0209149999999965,4.088943e-05,19.874158865802656,-1.8942238658026547,0.2745043758804238,0.4079601990049751,-1.7668623256034417
83,184.0,81.475825,18.04893,0.78146679,66.78525499999999,4.10358e-05,19.763879483683745,-1.7149494836837462,0.6270385863555258,0.4129353233830846,-1.6197236231363912
84,185.0,81.62545,18.16978,0.78197628,20.756735,4.082313e-05,19.654729454155422,-1.484949454155423,0.1358038463612498,0.417910447761194,-1.4287379131957592
85,186.0,81.775075,18.345,0.7849983,-22.041775,4.0936605e-05,19.546727233815545,-1.2017272338155465,0.14690500769365022,0.4228855721393035,-1.1988852961395449
86,187.0,81.9251,18.55901,0.8157091249999999,-inf,4.0929255e-05,19.439889875121715,-0.880879875121714,0.45075382591433283,0.42786069651741293,-0.9361593570419926
87,188.0,82.076,18.80524,0.80512959,14.173429999999996,4.0988085e-05,19.334233033714582,-0.5289930337145812,0.5445868758913647,0.43283582089552236,-0.64741087831907
88,189.0,82.22655,19.07061,0.8071566449999998,-75.01731,4.092721e-05,19.229770975740735,-0.15916097574073618,0.2520347602226842,0.43781094527363185,-0.34016920026909997
89,190.0,82.376375,19.29369,0.800604295,-76.87086500000001,4.1041185e-05,19.126516585176383,0.16717341482361903,0.34746657673205267,0.4427860696517413,-0.02244588769099956
90,191.0,82.527725,19.48905,0.7945583,3.6368100000000023,4.0940995e-05,19.02448137115055,0.46456862884944883,0.31936862760926077,0.44776119402985076,0.2974741778750636
91,192.0,82.676825,19.77456,0.81470231,-6.136734999999999,4.0884765e-05,18.92367547526832,0.8508845247316827,0.09550932189581421,0.4527363184079602,0.6112488328528092
92,193.0,82.825825,19.99461,0.827795705,30.11646,4.0716975e-05,18.82410767893407,1.170502321065932,0.09601094803488319,0.4577114427860696,0.9106961600083143
93,194.0,82.975875,20.21919,0.81923723,-33.206399999999995,4.0712445e-05,18.72578541067486,1.4934045893251415,0.28445479902513654,0.4626865671641791,1.188007838281157
94,195.0,83.1251,20.408005,0.82377056,-101.27813,4.084806e-05,18.62871475346374,1.7792902465362594,0.6898466514816671,0.46766169154228854,1.4359527508056795
95,196.0,83.27525,20.54448,0.8137020399999999,-62.087815,4.0746935e-05,18.532900452043002,2.0115795479569982,0.5081505315295607,0.472636815920398,1.6480655418858088
96,197.0,83.42585,20.61145,0.8147045049999999,-83.50658,4.072253e-05,18.4383459202473,2.173104079752701,0.4354330165984777,0.47761194029850745,1.8188152061540601
97,198.0,83.57624999999999,20.645185,0.8096737199999999,0.178670000000011,4.0799455e-05,18.34505324832744,2.300131751672563,0.3081389096607581,0.4825870646766169,1.943749313821731
98,199.0,83.72785,20.648195,0.8021127299999999,-13.601869999999986,4.073737e-05,18.2530232102732,2.3951717897268026,0.5169665753377154,0.48756218905472637,2.019610111235338
99,200.0,83.8774,20.588775,0.7975852449999999,-6.013679999999996,4.094197e-05,18.16225527113661,2.42651972886339,0.4519588734818878,0.4925373134328358,2.044419469327122
100,201.0,84.02585,20.50268,0.7885247599999999,-214.486985,4.070498e-05,18.072747594355697,2.429932405644305,0.5621541155147396,0.4975124378109453,2.0175304648631256
101,202.0,84.17620000000001,20.34406,0.777948545,-3.139404999999999,4.0762435e-05,17.984497049077177,2.3595629509228218,0.5621541155147406,-0.4975124378109453,1.939644249467724
102,203.0,84.325575,20.127055,0.76787415,-38.707255,4.070674e-05,17.897499217480323,2.2295557825196752,0.4519588734818878,-0.4925373134328358,1.8127917665517983
103,204.0,84.475125,19.87023,0.75327766,-37.56378,4.091716e-05,17.811748402099845,2.0584815979001547,0.5169665753377064,-0.48756218905472637,1.640280792889743
104,205.0,84.625475,19.577165,0.76284414,-9.083325000000002,4.0972095e-05,17.72723763314935,1.8499273668506504,0.3081389096607599,-0.4825870646766169,1.4266096857773152
105,206.0,84.77555,19.22319,0.76031797,-31.352125,4.07975e-05,17.6439586758447,1.5792313241552982,0.4354330165984777,-0.47761194029850745,1.1773500848799197
106,207.0,84.926525,18.84854,0.753765695,30.751845,4.045915e-05,17.561902037727037,1.2866379622729625,0.508150531529561,-0.472636815920398,0.8990016274115122
107,208.0,85.07585,18.4437,0.75780606,-50.214275,4.057747e-05,17.48105697598639,0.9626430240136088,0.6898466514816621,-0.46766169154228854,0.5988224650585576
108,209.0,85.225125,18.0449,0.74774405,-42.667615,4.0648735e-05,17.401411504784853,0.643488495215145,0.28445479902513654,-0.4626865671641791,0.28464000205126017
109,210.0,85.37545,17.582135,0.7588082700000001,-19.94613,4.0559105e-05,17.32295240257978,0.2591825974202209,0.09601094803488398,-0.4577114427860696,-0.035353210466140456
110,211.0,85.52545,17.05997,0.770381105,31.072035,4.0741115e-05,17.245665219447247,-0.18569521944724698,0.09550932189581213,-0.4527363184079602,-0.3528131015538934
111,212.0,85.6748,16.607295,0.75629066,-9.775015,4.083419e-05,17.16953428440504,-0.5622392844050381,0.31936862760926077,-0.44776119402985076,-0.6594616585913264
112,213.0,85.82532499999999,16.239695,0.7658581649999999,-12.31802,4.0838535e-05,17.094542712736498,-0.8548477127364968,0.34746657673205883,-0.4427860696517413,-0.9473027828694469
113,214.0,85.97574999999999,15.85902,0.770887145,24.289085000000004,4.066195e-05,17.020672413313186,-1.1616524133131865,0.25203476022268273,-0.43781094527363185,-1.2088307940600775
114,215.0,86.1259,15.522655,0.77190151,-5.058870000000001,4.0724275e-05,16.94790409591853,-1.4252490959185309,0.5445868758913647,-0.43283582089552236,-1.43722614664555
115,216.0,86.27759999999999,15.25679,0.77441955,,4.078155e-05,16.876217278571275,-1.6194272785712744,0.4507538259143343,-0.42786069651741293,-1.6265332548517502
116,217.0,86.426175,14.991925,0.781467845,18.23412,4.0869785e-05,16.80559029484808,-1.8136652948480805,0.14690500769364861,-0.4228855721393035,-1.7718157891614459
117,218.0,86.575175,14.775405,0.785993945,15.924490000000002,4.0793265e-05,16.736000301207717,-1.960595301207718,0.1358038463612498,-0.417910447761194,-1.8692853949309483
118,219.0,86.7256,14.60118,0.7930488,,4.1019665e-05,16.667423284313692,-2.0662432843136926,0.6270385863555173,-0.4129353233830846,-1.9164004766726292
119,220.0,86.87497499999999,14.50801,0.794054315,-30.59193,4.0987105e-05,16.599834068358156,-2.0918240683581555,0.2745043758804257,-0.4079601990049751,-1.911932472126392
120,221.0,87.025225,14.4914,0.785494975,-6.406895000000003,4.078706e-05,16.533206322384054,-2.041806322384053,0.5269862331434852,-0.40298507462686567,-1.8559978879724903
121,222.0,87.176075,14.491405,0.81066918,59.66785000000001,4.094683e-05,16.467512567609887,-1.976107567609887,0.5955321974765014,-0.3980099502487562,-1.750055261829555
122,223.0,87.326325,14.552325,0.8162145000000001,-37.58149,4.074147e-05,16.402724184752095,-1.8503991847520957,0.4476766599467475,-0.39303482587064675,-1.5968671297561705
123,224.0,87.47720000000001,14.673685,0.829310335,-135.71882,4.08183e-05,16.33881142134831,-1.66512642134831,0.5992684790478848,-0.3880597014925373,-1.400427990982762
124,225.0,87.6271,14.85193,0.81068052,-inf,4.08178e-05,16.27574339908133,-1.4238133990813289,0.45671165403434344,-0.38308457711442784,-1.165860148249356
125,226.0,87.77574999999999,15.07652,0.8247795200000001,-22.60123,4.0856175e-05,16.213488121101427,-1.136968121101427,0.6161888151734474,-0.3781094527363184,-0.8992801397929822
126,227.0,87.92575000000001,15.336849999999998,0.8237675149999999,-inf,4.0698475e-05,16.15201247935073,-0.8151624793507324,0.4259854564044451,-0.3731343283582089,-0.6076392458741471
127,228.0,88.0746,15.55992,0.836856455,-57.38077499999999,4.072968e-05,16.091282261885603,-0.5313622618856026,0.2894924153901779,-0.3681592039800995,-0.29854222875843384
128,229.0,88.224625,15.898795000000002,0.82780343,-152.345465,4.072014e-05,16.031262160200363,-0.13246716020036153,0.5866345485357908,-0.36318407960199006,0.019950967351667175
129,230.0,88.37547500000001,16.209985,0.824276105,-96.546845,4.072333e-05,15.971915776550702,0.2380692234492976,0.36074997391249747,-0.3582089552238806,0.33953538560640384
130,231.0,88.52597499999999,16.505074999999998,0.82024562,-52.041795,4.0855615e-05,15.913205631276668,0.5918693687233301,0.5161642800039044,-0.35323383084577115,0.6518776146931489
131,232.0,88.676275,16.69943,0.8212636249999999,-46.689445,4.093919e-05,15.855093170125912,0.8443368298740879,0.5891597505917874,-0.34825870646766166,0.9488330889929524
132,233.0,88.82745,16.95271,0.8172246,-39.51352,4.0673965e-05,15.797538771577415,1.155171228422585,0.6372116673976286,-0.34328358208955223,1.2226584644391827
133,234.0,88.976025,17.167725,0.82730204,-63.870125,4.079914e-05,15.740501754164306,1.4272232458356946,0.6660290390972073,-0.3383084577114428,1.4662135322135306
134,235.0,89.12552500000001,17.332884999999997,0.8177308350000001,-53.198845000000006,4.0925685e-05,15.683940383797747,1.6489446162022503,0.49199977239334314,-0.3333333333333333,1.6731474052229296
135,236.0,89.27545,17.459285,0.82175957,-42.60972,4.0751185e-05,15.627811881089194,1.8314731189108073,0.33814395440945044,-0.3283582089552239,1.838064122401071
136,237.0,89.42524999999999,17.451214999999998,0.816216425,-46.87601,4.1190255e-05,15.572072428674936,1.8791425713250618,1.0591846138916456,-0.3233830845771144,1.9566633525738883
137,238.0,89.575975,17.46883,0.80916565,-38.55686,4.1024565e-05,15.516677178538465,1.9521528214615351,0.7959455844340352,-0.31840796019900497,2.025852528926672
138,239.0,89.726425,17.413964999999997,0.79707175,-35.53078,4.123485e-05,15.461580259334376,1.9523847406656216,0.48997894930956004,-0.31343283582089554,2.0438274900798548
139,240.0,89.876525,17.326335,0.795064875,-41.257735,4.104832e-05,15.406734783710867,1.9196002162891332,0.33226681476703307,-0.30845771144278605,2.0101195249947783
140,241.0,90.02725000000001,17.175774999999998,0.793556325,-40.13031,4.093288e-05,15.352092855634062,1.823682144365936,0.35953189790913503,-0.3034825870646766,1.925607594977194
141,242.0,90.176275,16.94767,0.80010071,-26.45351,4.1119055e-05,15.297605577710648,1.6500644222893506,0.5576537179270341,-0.29850746268656714,1.7924954140801928
142,243.0,90.325875,16.679785000000003,0.7829834,-31.59224,4.0932145e-05,15.243223058510793,1.4365619414892095,0.35482124757575195,-0.2935323383084577,1.6142539855529165
143,244.0,90.475625,16.311695,0.7809608,-28.36662,4.1097145e-05,15.188894419893053,1.1228005801069472,0.5422089852104592,-0.2885572139303483,1.395531092741538
144,245.0,90.62465,15.970805000000002,0.77341288,-37.37515,4.122332e-05,15.134567804325343,0.8362371956746593,1.207604823866676,-0.2835820895522388,1.1420301045375636
145,246.0,90.775325,15.56344,0.76485095,-46.062565,4.0861745e-05,15.080190382210453,0.48324961778954645,0.9705341139595244,-0.27860696517412936,0.8603612556151317
146,247.0,90.925975,15.15306,0.774923875,38.02484,4.0871685e-05,15.02570835920723,0.12735164079277084,0.6885840560625708,-0.2736318407960199,0.5578692794403848
147,248.0,91.07635,14.75475,0.7719000549999999,-36.088655,4.0678315e-05,14.97106698355634,-0.2163169835563412,1.070670568972937,-0.26865671641791045,0.24244188865589772
148,249.0,91.227625,14.34637,0.7663695049999999,-57.679895,4.0981825e-05,14.916210553400937,-0.5698405534009368,1.0148801265471867,-0.263681592039801,-0.07769590313779909
149,250.0,91.377375,13.999945,0.7693935049999999,-49.65332,4.098886e-05,14.861082424112055,-0.8611374241120551,1.0888833671014218,-0.25870646766169153,-0.3941962549843088
150,251.0,91.525725,13.608175,0.77643782,-31.644785,4.078159e-05,14.805625015610488,-1.1974500156104888,1.1171562728974322,-0.2537313432835821,-0.6988061749920624
151,252.0,91.675875,13.19879,0.78449572,-32.97962,4.1011745e-05,14.74977981969105,-1.5509898196910488,0.22226664744418426,-0.24875621890547264,-0.9835827234921584
152,253.0,91.8251,12.822665,0.787514815,-26.567085,4.0934025e-05,14.693487407345401,-1.8708224073454005,0.4902767254821847,-0.24378109452736318,-1.2411001313441439
153,254.0,91.9749,12.56384,0.7779494,-24.860025,4.1073715e-05,14.636687436085175,-2.0728474360851745,0.8441261028055437,-0.23880597014925373,-1.4646434326197644
154,255.0,92.125575,12.320135,0.78146239,-40.702195,4.0933165e-05,14.579318657265844,-2.2591836572658437,0.3892273008056259,-0.23383084577114427,-1.6483835625420629
155,256.0,92.276275,12.156475,0.78500625,-25.8341,4.101921e-05,14.521318923409162,-2.364843923409161,1.339529746114924,-0.2288557213930348,-1.7875293548657039
156,257.0,92.427175,12.05729,0.780467775,-19.496820000000003,4.116108e-05,14.462625195527544,-2.4053351955275435,1.125770101935126,-0.22388059701492538,-1.8784524752489162
157,258.0,92.5779,11.97773,0.7824807149999999,32.020695,4.120052e-05,14.403173550446716,-2.425443550446717,0.939658781643185,-0.21890547263681592,-1.918782032882568
158,259.0,92.7262,11.97823,0.775426035,7.577989999999997,4.124551e-05,14.342899188128527,-2.364669188128527,0.8690543462266253,-0.21393034825870647,-1.9074664033049555
159,260.0,92.875725,12.01549,0.7945475,95.19908,4.1185365e-05,14.281736438995217,-2.2662464389952177,0.44213880018542906,-0.208955223880597,-1.844800650324401
160,261.0,93.025225,12.102075,0.7900243849999999,45.94724,4.1143895e-05,14.219618771252321,-2.117543771252322,0.7215159171911057,-0.20398009950248755,-1.732418832001855
161,262.0,93.174425,12.222445,0.787511865,,4.103745e-05,14.156478798211758,-1.9340337982117575,2.1629712650089203,-0.1990049751243781,-1.573251391320904
162,263.0,93.32525,12.42033,0.78449589,-45.60402499999999,4.110370500000001e-05,14.092248285615348,-1.671918285615348,0.8454686251055292,-0.19402985074626866,-1.371448742616572
163,264.0,93.475,12.62728,0.7754287599999999,-55.811085000000006,4.1101245e-05,14.026858158957758,-1.3995781589577572,1.7390546382271894,-0.1890547263681592,-1.132273046305835
164,265.0,93.62565,12.877555,0.7860111949999999,-110.568435,4.108388e-05,13.96023851081106,-1.0826835108110604,1.0977449743316492,-0.18407960199004975,-0.8619609939778059
165,266.0,93.7778,13.11724,0.77040082,-73.161395,4.1163105e-05,13.892318608145715,-0.7750786081457139,0.5232093019249259,-0.1791044776119403,-0.5675611818284818
166,267.0,93.926425,13.40576,0.780466785,-57.84697,4.1110235e-05,13.823026899655936,-0.4172668996559352,0.832317403793482,-0.17412935323383083,-0.2567503130538021
167,268.0,94.075125,13.681715,0.75780996,60.82128,4.109105e-05,13.752291023082044,-0.0705760230820438,1.0201295099003969,-0.1691542288557214,0.06236697813382939
168,269.0,94.225475,14.01506,0.77442031,-86.17636,4.095511e-05,13.680037812534266,0.335022187465734,1.1527170056397702,-0.16417910447761194,0.3814694611220206
169,270.0,94.37505,14.275385,0.777439205,-94.967455,4.1006755e-05,13.60619330581546,0.6691916941845406,1.3711233346993017,-0.15920398009950248,0.6922362914336115
170,271.0,94.52505,14.52261,0.770905835,-44.860255,4.0999285e-05,13.530682751744266,0.9919272482557346,0.8447401826557102,-0.15422885572139303,0.9865639831932567
171,272.0,94.6759,14.72906,0.7663732999999999,-55.00459000000001,4.1028695e-05,13.45343061747969,1.2756293825203109,0.6674391897618951,-0.14925373134328357,1.2567777138000555
172,273.0,94.826675,14.85848,0.741699005,-64.37694,4.114251e-05,13.374360595842852,1.4841194041571484,3.465896317045213,-0.14427860696517414,1.4958314508730592
173,274.0,94.977675,15.01458,0.75378395,-73.46893,4.083958e-05,13.293395612640964,1.7211843873590364,1.81726771326966,-0.13930348258706468,1.6974916830047992
174,275.0,95.12755,15.09766,0.752780495,-125.36250499999998,4.113009e-05,13.210457833990809,1.8872021660091907,3.0050015801497496,-0.13432835820895522,1.8564999634007417
175,276.0,95.275975,15.090105,0.76385207,-27.613705,4.1003285e-05,13.125468673641599,1.9646363263584004,1.8566739753319634,-0.12935323383084577,1.968710027953618
176,277.0,95.426,15.016105,0.78298881,-54.01344,4.0962775e-05,13.038348800298692,1.9777561997013073,1.776379972746761,-0.12437810945273632,2.0311959122924566
177,278.0,95.575025,14.944085,0.793049265,-53.620050000000006,4.0825945e-05,12.949018144946649,1.9950668550533504,4.923932477415354,-0.11940298507462686,2.042328248570498
178,279.0,95.7247,14.781945000000002,0.790029345,-106.509335,4.106781e-05,12.857395908172393,1.9245490918276094,1.861163963140401,-0.1144278606965174,2.001816752494216
179,280.0,95.8757,14.56641,0.788018705,-5.679274999999999,4.115291e-05,12.763400567488638,1.8030094325113613,1.0161963891944428,-0.10945273631840796,1.9107177927111694
180,281.0,96.026025,14.323225,0.77996378,-40.254705,4.1004025e-05,12.66694988465747,1.656275115342531,3.246656360405328,-0.1044776119402985,1.7714068451790772
181,282.0,96.17685,14.11575,0.764359975,-41.261405,4.0966905e-05,12.567960913012989,1.5477890869870112,2.573071231260009,-0.09950248756218905,1.5875165507897282
182,283.0,96.327625,13.78744,0.74824404,-6.033205000000006,4.1068085e-05,12.466350004785497,1.3210899952145034,4.013643384854583,-0.0945273631840796,1.3638419914432915
183,284.0,96.475775,13.401225,0.7618330099999999,-26.450775,4.0981315e-05,12.362032818423636,1.0391921815763645,5.7835876771821075,-0.08955223880597014,1.106215654572585
184,285.0,96.625375,13.099605,0.755789015,-52.274205,4.1107025e-05,12.254924325918914,0.8446806740810864,7.321031002338811,-0.0845771144278607,0.821355346514453
185,286.0,96.77475,12.71943,0.747734525,39.434755,4.089164e-05,12.14493882012794,0.5744911798720587,9.265548997144771,-0.07960199004975124,0.5166890205047086
186,287.0,96.924725,12.280345,0.752262075,-41.25847,4.113756e-05,12.031989922096592,0.24835507790340827,19.919616810805476,-0.07462686567164178,0.2001610870424577
187,288.0,97.0758,11.863435,0.7623355949999999,-92.578255,4.1168955e-05,11.915990588382549,-0.052555588382547924,18.61292062720794,-0.06965174129353234,-0.11997474276871689
188,289.0,97.22585,11.52253,0.7416875949999999,-121.16021999999998,4.1036675e-05,11.796853118379296,-0.27432311837929646,30.64634099134611,-0.06467661691542288,-0.4353706791326744
189,290.0,97.376725,11.14386,0.742190575,-59.54336000000001,4.090004e-05,11.674489161638505,-0.5306291616385046,22.12305433949888,-0.05970149253731343,-0.7378025286472281
190,291.0,97.52805,10.848265,0.74270211,-103.87481499999998,4.0999445e-05,11.54880972519436,-0.7005447251943604,41.08366852084863,-0.05472636815920398,-1.019384146519066
191,292.0,97.67645,10.578885,0.733129825,16.315755,4.0934505e-05,11.419725180886026,-0.8408401808860262,47.785613759141704,-0.04975124378109452,-1.2727730738992757
192,293.0,97.82515,10.389055,0.734140805,21.736735,4.0916015e-05,11.287145272681947,-0.8980902726819462,143.08102717908582,-0.04477611940298507,-1.4913619981865105
193,294.0,97.97505,10.159425,0.733625505,23.264095,4.0834185e-05,11.150979124001736,-0.9915541240017358,189.66818843286907,-0.03980099502487562,-1.6694510438223538
194,295.0,98.1245,10.03455,0.731116995,-66.55487,4.0850365e-05,11.011135245040386,-0.9765852450403862,716.2123527317592,-0.03482587064676617,-1.8023964009625635
195,296.0,98.274425,9.950455,0.71701846,-18.613404999999997,4.0952785e-05,10.86752154009151,-0.9170665400915095,3507.602059594167,-0.029850746268656716,-1.8867314164167155
196,297.0,98.425,9.93736,0.706439855,-108.531875,4.0905815e-05,10.720045314870184,-0.782685314870184,37816.500045520064,-0.02487562189054726,-1.920256989316029
197,298.0,98.5752,9.941895,0.69990749,,4.0919455e-05,10.568613283837166,-0.6267182838371657,485.05706800634863,-0.01990049751243781,-1.9020989143723117
198,299.0,98.726575,10.019455,0.69888654,-14.094264999999998,4.069626e-05,10.413131577521163,-0.3936765775211626,17.40973979524444,-0.014925373134328358,-1.832730677458181
199,300.0,98.876175,10.144325,0.7149974899999999,-47.59134,4.0898355e-05,10.253505749842702,-0.10918074984270199,1067.494840503251,-0.009950248756218905,-1.71396110909608
200,301.0,99.024225,10.28885,0.72304778,-37.582685,4.0975315e-05,10.089640785436984,0.199209214563016,2.838334999286095,-0.004975124378109453,-1.548887217800951
