,time delay,stg_pos,V_in,V_out,ratio,DVD,poly fit,poly res,Residual FFT,Associated F,Sine Res Fit
0,101.0,69.0005,114.3642,5.43145,-24.404335,4.2510445e-05,117.76800173733957,-3.4038017373395775,2.5786790140843775e-24,0.0,-3.8056701430909077
1,102.0,69.1747,114.3743,5.43144,-24.313645,4.2370395e-05,117.304528043688,-2.9302280436879897,5.877022861147464,0.004975124378109453,-3.602905014345029
2,103.0,69.3235,114.23155,5.466705,-24.053735,4.2255815e-05,116.8386997372983,-2.6071497372983004,2461.198459196567,0.009950248756218905,-3.301894953611567
3,104.0,69.4735,114.0773,5.468315,-24.04965,4.220914e-05,116.3706444028032,-2.2933444028032,40.9040064713705,0.014925373134328358,-2.9106180194407254
4,105.0,69.62405,113.9297,5.486805,-23.796,4.2473705e-05,115.90048799459696,-1.9707879945969609,1661.870301920465,0.01990049751243781,-2.439444729955899
5,106.0,69.774775,113.896,5.490164999999999,-23.91902,4.249893e-05,115.42835483873385,-1.532354838733852,142219.70360474163,0.02487562189054726,-1.9008631996129384
6,107.0,69.925375,113.95135,5.498575000000001,-23.87504,4.240503e-05,114.95436763482671,-1.0030176348267048,14324.361972849278,0.029850746268656716,-1.3091481505678602
7,108.0,70.076025,114.0823,5.470015,-24.142635,4.2367465e-05,114.47864745794536,-0.3963474579453532,3304.957023439505,0.03482587064676617,-0.6799825712723333
8,109.0,70.224925,114.2266,5.454925,-24.098325,4.224439e-05,114.00131376051516,0.22528623948484494,2028.5995120582445,0.03980099502487562,-0.030042049968035514
9,110.0,70.375175,114.35755,5.47841,-23.83464,4.2443855e-05,113.52248437421548,0.835065625784523,1135.386902757492,0.04477611940298507,0.6234471999736865
10,111.0,70.5248,114.52705,5.49858,-23.89507,4.233725e-05,113.04227551187819,1.4847744881218148,686.7607012766979,0.04975124378109452,1.2631649086413852
11,112.0,70.67490000000001,114.6378,5.464985,-24.1381,4.22406e-05,112.56080176938612,2.0769982306138814,411.1880467087082,0.05472636815920398,1.872155811075072
12,113.0,70.82532499999999,114.6094,5.48177,-24.026065,4.226859e-05,112.07817612757161,2.5312238724283844,425.98093355355024,0.05970149253731343,2.434279034560023
13,114.0,70.976025,114.44655,5.506965,-23.90687,4.2146025e-05,111.59450995411504,2.852040045884962,215.2047872171937,0.06467661691542288,2.934635901030572
14,115.0,71.12685,114.42635,5.495205,-23.92071,4.221872e-05,111.10991300544315,3.3164369945568524,323.62162033964563,0.06965174129353234,3.359964805984261
15,116.0,71.27785,114.2301,5.459960000000001,-24.16402,4.2452575e-05,110.62449342862772,3.6056065713722774,187.93745460646804,0.07462686567164178,3.698992707920297
16,117.0,71.42692500000001,113.95135,5.49522,-23.90998,4.2301915e-05,110.13835776328399,3.8129922367160134,187.76355743457316,0.07960199004975124,3.9427339123232983
17,118.0,71.575925,113.5519,5.456605,-24.153765,4.2463335e-05,109.65161094346914,3.900289056530866,193.04571699867498,0.0845771144278607,4.084728231134826
18,119.0,71.7262,113.2497,5.44148,-24.080625,4.246262e-05,109.16435629958079,4.085343700419216,192.84759003084412,0.08955223880597014,4.121212205464125
19,120.0,71.87537499999999,112.6271,5.451569999999999,-23.73427,4.231066e-05,108.6766955602555,3.950404439744503,118.68521908866596,0.0945273631840796,4.051218853401568
20,121.0,72.02525,112.09165,5.399535,-23.852145,4.241132e-05,108.18872885426727,3.9029211457327335,95.66839836350206,0.09950248756218905,3.8766032991895742
21,122.0,72.176,111.30435,5.43981,-23.58273,4.240343e-05,107.70055471242601,3.6037952875739876,97.46291274893811,0.1044776119402985,3.6019936044679763
22,123.0,72.3257,110.29895,5.43981,-23.258535,4.2281435e-05,107.21227006947609,3.086679930523914,88.19399994969979,0.10945273631840796,3.2346681047767816
23,124.0,72.47695,109.32545,5.41296,-23.234050000000003,4.2120965e-05,106.72397026599472,2.601479734005281,81.48167647983908,0.1144278606965174,2.784362502425701
24,125.0,72.626575,108.11705,5.43813,-22.83229,4.2307355e-05,106.23574905029061,1.8813009497093987,53.56263475461391,0.11940298507462686,2.2630118285970036
25,126.0,72.775375,107.0226,5.433115,-22.69425,4.2276275e-05,105.74769858030226,1.2749014196977413,61.830722192548,0.12437810945273632,1.6844341137939667
26,127.0,72.92587499999999,105.75025,5.461634999999999,-22.206105,4.2151575e-05,105.25990942549667,0.49034057450332114,58.566726469264495,0.12935323383084577,1.0639641507251125
27,128.0,73.0753,104.5116,5.4884900000000005,-21.85823,4.2262345e-05,104.77247056876767,-0.2608705687676718,70.54532775223824,0.13432835820895522,0.41804705648041907
28,129.0,73.225225,103.558305,5.446540000000001,-22.00855,4.215328e-05,104.28546940833444,-0.7271644083344313,48.57498326642468,0.13930348258706468,-0.23619759365452542
29,130.0,73.37604999999999,102.21048,5.488485,-21.424755,4.231212e-05,103.79899175964006,-1.5885117596400562,54.55234160483376,0.14427860696517414,-0.8814295084209051
30,131.0,73.5267,100.985095,5.423,-21.380385,4.244428e-05,103.31312185725,-2.328026857249995,39.66727282863924,0.14925373134328357,-1.5005472727300837
31,132.0,73.677275,99.80189,5.443155,-21.050145,4.2215e-05,102.82794235675057,-3.0260523567505686,28.455990683430294,0.15422885572139303,-2.0771416085629557
32,133.0,73.82795,98.84857,5.428065,-20.91518,4.230915e-05,102.3435343366474,-3.4949643366473993,56.65346988461654,0.15920398009950248,-2.5959302912663063
33,134.0,73.9765,98.000825,5.449885,-20.73931,4.227174e-05,101.85997730026398,-3.859152300263972,60.04016353915268,0.16417910447761194,-3.0431631940978847
34,135.0,74.125725,97.116355,5.414630000000001,-20.679645,4.23147e-05,101.37734917764013,-4.2609941776401286,49.07033332177255,0.1691542288557214,-3.4069867256006954
35,136.0,74.27525,96.481855,5.451565,-20.296175,4.220241e-05,100.89572632743058,-4.413871327430584,40.94222153963289,0.17412935323383083,-3.677758000652592
36,137.0,74.4246,95.7367,5.48009,-20.085405,4.2375335e-05,100.41518353880329,-4.678483538803292,26.97794442862427,0.1791044776119403,-3.8483004183093388
37,138.0,74.575075,95.117285,5.44148,-20.19914,4.214828e-05,99.935794033338,-4.818509033338003,33.53806869215755,0.18407960199004975,-3.9140938725318226
38,139.0,74.72535,94.697645,5.43813,-20.018015,4.1987675e-05,99.45762946692486,-4.7599844669248625,32.257828569185186,0.1890547263681592,-3.873394554396416
39,140.0,74.87535,94.449235,5.48348,-19.837115,4.2252775e-05,98.98075993166283,-4.53152493166283,25.311379631088553,0.19402985074626866,-3.7272811705159326
40,141.0,75.0263,94.278,5.459960000000001,-19.91651,4.2299105e-05,98.50525395775806,-4.227253957758052,30.313439773074723,0.1990049751243781,-3.4796263526845737
41,142.0,75.175475,94.197435,5.48681,-19.70286,4.2308395e-05,98.03117851542257,-3.8337435154225687,34.18179927067354,0.20398009950248755,-3.136994016513941
42,143.0,75.325625,94.163865,5.515359999999999,-19.745875,4.220442e-05,97.5585990167726,-3.3947340167726026,16.838573417294196,0.208955223880597,-2.708465389496884
43,144.0,75.4758,94.08668,5.505295,-19.675175000000003,4.220009e-05,97.08757931772728,-3.0008993177272743,27.494721026030156,0.21393034825870647,-2.205398319502213
44,145.0,75.62495,94.22092,5.48515,-19.737415,4.216496e-05,96.61818171990686,-2.397261719906851,20.806113390488438,0.21890547263681592,-1.6411262430579467
45,146.0,75.775125,94.38877,5.498565,-19.722445,4.19347e-05,96.15046697253149,-1.761696972531496,32.82509851622588,0.22388059701492538,-1.0306047920561345
46,147.0,75.92585,94.64898,5.493525,-19.7622,4.210495e-05,95.68449427431943,-1.0355142743194392,22.551699348788226,0.2288557213930348,-0.39001540531767315
47,148.0,76.075975,94.800035,5.5204,-19.758305,4.2031565e-05,95.22032127538581,-0.42028627538581986,32.21320541584356,0.23383084577114427,0.2636635489872737
48,149.0,76.227475,95.02494,5.543895,-19.697295,4.2015900000000005e-05,94.75800407914097,0.2669359208590265,30.93766319640572,0.23880597014925373,0.9131067729674741
49,150.0,76.37735,95.275025,5.530465,-19.734205,4.2146345e-05,94.29759724418895,0.9774277558110498,24.71717842862866,0.24378109452736318,1.5411012337650238
50,151.0,76.52615,95.372355,5.562375,-19.699665,4.234544e-05,93.83915378622603,1.533201213773964,17.776238816182364,0.24875621890547264,2.131002382804957
51,152.0,76.67587499999999,95.483105,5.5288,-19.769595,4.225057e-05,93.38272517993921,2.1003798200607804,18.63904112622303,0.2537313432835821,2.667175307770984
52,153.0,76.82497500000001,95.613985,5.508595000000001,-19.93774,4.2433225e-05,92.92836136090477,2.685623639095226,23.838998729873914,0.25870646766169153,3.135409124887383
53,154.0,76.9751,95.625805,5.48341,-20.03884,4.2264450000000005e-05,92.47611072748654,3.1496942725134573,20.24988785484542,0.263681592039801,3.523293628332351
54,155.0,77.126125,95.454645,5.547225,-19.64281,4.222651e-05,92.0260201427347,3.428624857265305,16.456845883862748,0.26865671641791045,3.820548213957073
55,156.0,77.276475,95.26155,5.52034,-19.74228,4.234953e-05,91.5781349362841,3.6834150637158984,24.218902979622158,0.2736318407960199,4.01929435942032
56,157.0,77.42699999999999,95.00474,5.52037,-19.85515,4.2108645e-05,91.13249890625266,3.872241093747334,15.512125667516369,0.27860696517412936,4.114264438845152
57,158.0,77.577475,94.53819,5.48513,-19.94718,4.220248e-05,90.68915432114015,3.849035678859849,12.875522843552515,0.2835820895522388,4.102941337513477
58,159.0,77.725775,94.100075,5.4901800000000005,-19.827605,4.2173465e-05,90.24814192172637,3.851933078273632,12.996409378874645,0.2885572139303483,3.9856251662095454
59,160.0,77.87542499999999,93.54114,5.50695,-19.51133,4.23762e-05,89.80950092296986,3.731639077030138,18.63851960671384,0.2935323383084577,3.765425306996087
60,161.0,78.025625,92.757305,5.468305,-19.59479,4.256731e-05,89.37326901590629,3.384035984093714,16.679427753092398,0.29850746268656714,3.44817800124416
61,162.0,78.1753,91.956685,5.46667,-19.44699,4.2500095e-05,88.93948236954698,3.0172026304530135,17.542168218419324,0.3034825870646766,3.0422916641874886
62,163.0,78.325875,91.067065,5.49016,-19.03006,4.249278e-05,88.50817563277744,2.5588893672225623,16.001796706178048,0.30845771144278605,2.5585240258298043
63,164.0,78.47625000000001,90.138895,5.45491,-19.06871,4.267632e-05,88.07938193625576,2.059513063744248,15.80309506651775,0.31343283582089554,2.009697004927228
64,165.0,78.626725,89.16032,5.47673,-18.70491,4.2586015e-05,87.65313289431117,1.5071871056888284,18.224963063521983,0.31840796019900497,1.4103568731094873
65,166.0,78.77822499999999,88.116345,5.441465,-18.642965,4.246796e-05,87.22945860684257,0.8868863931574253,15.716275194770109,0.3233830845771144,0.7763887162487004
66,167.0,78.926575,87.0052,5.45492,-18.30602,4.244619e-05,86.80838766121695,0.19681233878304738,14.768832782561205,0.3283582089552239,0.12459541150474739
67,168.0,79.075775,85.98972499999999,5.45154,-18.070505,4.2473125e-05,86.38994713416787,-0.4002221341678762,19.94968920302113,0.3333333333333333,-0.5277477210376373
68,169.0,79.225875,84.893675,5.47675,-17.839170000000003,4.230477e-05,85.97416259369405,-1.0804875936940448,12.179455219125066,0.3383084577114428,-1.1633507884973013
69,170.0,79.374875,83.770745,5.46667,-17.65503,4.2339755e-05,85.56105810095775,-1.7903131009577464,11.464198226033337,0.34328358208955223,-1.7653675815663448
70,171.0,79.52495,82.75357,5.468335,-17.442384999999998,4.22964e-05,85.15065621218339,-2.397086212183396,12.781528524635837,0.34825870646766166,-2.3178420713612375
71,172.0,79.6757,81.954645,5.443145,-17.4309,4.2133365e-05,84.74297798055596,-2.788332980555964,11.855256780094253,0.35323383084577115,-2.8061313126716017
72,173.0,79.82495,81.08015,5.4884900000000005,-17.01883,4.2129805e-05,84.33804295811947,-3.25789295811947,12.600550056871572,0.3582089552238806,-3.2172935448562656
73,174.0,79.97607500000001,80.45747,5.476755,-16.958075,4.2192495e-05,83.93586919767554,-3.478399197675543,12.491488866085888,0.36318407960199006,-3.5404312040463677
74,175.0,80.124825,79.7928,5.449865,-16.95025,4.2357115e-05,83.53647325468187,-3.743673254681866,11.992687747574683,0.3681592039800995,-3.766979755360566
75,176.0,80.274625,79.22044,5.483435,-16.616275,4.244226e-05,83.13987018915066,-3.9194301891506598,16.65793253353392,0.3731343283582089,-3.8909346898384265
76,177.0,80.4245,78.77396,5.505275,-16.4613,4.233347e-05,82.74607356754717,-3.9721135675471686,15.04286559636395,0.3781094527363184,-3.9090106696994185
77,178.0,80.574175,78.481885,5.52036,-16.340325,4.2330445e-05,82.3550954646883,-3.8732104646882988,14.505329158640551,0.38308457711442784,-3.8207286038947785
78,179.0,80.724725,78.29393,5.483455,-16.595064999999998,4.2095215e-05,81.96694646564085,-3.673016465640842,11.637603622719322,0.3880597014925373,-3.6284283460766025
79,180.0,80.8757,78.201605,5.532155,-16.20926,4.221417e-05,81.5816356676202,-3.380030667620204,7.91761541362895,0.39303482587064675,-3.337206678433332
80,181.0,81.02615,78.21669,5.533805,-16.190745,4.2394695e-05,81.19917068188882,-2.9824806818888163,8.337565103854656,0.3980099502487562,-2.954782225086342
81,182.0,81.17692500000001,78.39798499999999,5.542205,-16.226115,4.233712e-05,80.8195576356546,-2.421572635654613,13.090998511703305,0.40298507462686567,-2.491290875422148
82,183.0,81.32764999999999,78.62622999999999,5.533815,-16.274335,4.2264435e-05,80.44280117396946,-1.8165711739694643,12.263642032450518,0.4079601990049751,-1.959017139520368
83,184.0,81.4761,78.901495,5.537165,-16.319295,4.239567e-05,80.06890446162775,-1.1674094616277557,16.6817412361006,0.4129353233830846,-1.3720685559111097
84,185.0,81.625675,79.10463,5.52542,-16.46219,4.222748e-05,79.69786918506503,-0.5932391850650305,18.06782402151918,0.417910447761194,-0.746001781254285
85,186.0,81.775675,79.423535,5.52207,-16.512014999999998,4.2189455e-05,79.32969555425618,0.09383944574382497,15.928271541882589,0.4228855721393035,-0.09741027216846514
86,187.0,81.9247,79.80454499999999,5.518705,-16.668505,4.230607e-05,78.96438230461405,0.840162695385942,9.442078574158414,0.42786069651741293,0.5565155125887226
87,188.0,82.075075,80.140225,5.52208,-16.66164,4.235274e-05,78.601926698888,1.5382983011120075,5.671649017724279,0.43283582089552236,1.1984437330596336
88,189.0,82.2259,80.37519999999999,5.564005,-16.4939,4.240765e-05,78.24232452906242,2.1328754709375772,10.640566839909761,0.43781094527363185,1.8113605362339764
89,190.0,82.376725,80.62197,5.52375,-16.777684999999998,4.2489115e-05,77.885570118255,2.736399881745001,11.057067503887192,0.4427860696517413,2.3790209961772812
90,191.0,82.527525,80.80996,5.5388150000000005,-16.748224999999998,4.230911e-05,77.53165632261559,3.2783036773844145,8.839243859323537,0.44776119402985076,2.8863796742918666
91,192.0,82.67542499999999,80.934155,5.51701,-16.8602,4.242888e-05,77.18057453322436,3.753580466775645,10.94485185608356,0.4527363184079602,3.319989388014788
92,193.0,82.825125,80.945865,5.517,-16.807305,4.240354e-05,76.83231467799035,4.113550322009644,13.002640101950039,0.4577114427860696,3.668357618871484
93,194.0,82.97574999999999,80.89723000000001,5.51869,-16.867539999999998,4.23593e-05,76.48686522355021,4.410364776449796,10.0041409966235,0.4626865671641791,3.922251113541309
94,195.0,83.125225,80.76631,5.483445,-16.894785,4.2508715e-05,76.14421317716645,4.622096822833555,12.5473242103625,0.46766169154228854,4.0749406046999415
95,196.0,83.27552499999999,80.52290500000001,5.527095,-16.728360000000002,4.253082e-05,75.80434408862588,4.7185609113741265,13.844717283186803,0.472636815920398,4.122379165485533
96,197.0,83.4259,80.18219,5.508655,-16.721225,4.2713755e-05,75.4672420521384,4.714947947861603,12.76799348906871,0.47761194029850745,4.063309470430089
97,198.0,83.576375,79.749165,5.520375,-16.64598,4.2743160000000005e-05,75.13288970823515,4.61627529176485,7.986131843400918,0.4825870646766169,3.899297119980809
98,199.0,83.72749999999999,79.21035,5.49687,-16.55431,4.2668325e-05,74.80126824566734,4.409081754332661,13.057004257667773,0.48756218905472637,3.6346891453686383
99,200.0,83.8773,78.49364,5.49688,-16.426650000000002,4.2660495e-05,74.47235740330439,4.021282596695613,8.486059022450055,0.4925373134328358,3.2764987936231607
100,201.0,84.025825,77.72995499999999,5.481785,-16.31919,4.279479e-05,74.14613547203277,3.583819527967222,11.59509571059069,0.4975124378109453,2.8342196464252623
101,202.0,84.1759,76.909165,5.49017,-16.168695,4.2673135e-05,73.82257929665423,3.0865857033457758,11.595095710590723,-0.4975124378109453,2.3195739994459714
102,203.0,84.325225,75.866845,5.485115,-15.97289,4.25769e-05,73.50166427778439,2.3651807222156123,8.486059022450055,-0.4925373134328358,1.7462021711989553
103,204.0,84.474775,74.69357,5.456625,-15.74882,4.2600465e-05,73.1833643737512,1.5102056262487906,13.057004257667776,-0.48756218905472637,1.129300976055241
104,205.0,84.62565,73.63279,5.4952,-15.36163,4.2410965e-05,72.86765210249368,0.765137897506321,7.986131843400933,-0.4825870646766169,0.4852209434375719
105,206.0,84.77515,72.56357,5.466665,-15.268525,4.2494235e-05,72.55449854345994,0.009071456540056033,12.76799348906871,-0.47761194029850745,-0.16896704138628266
106,207.0,84.92592499999999,71.581705,5.47173,-15.08074,4.2483065e-05,72.24387333950602,-0.6621683395060245,13.84471728318681,-0.472636815920398,-0.8159241890314591
107,208.0,85.077275,70.490685,5.463315,-14.87502,4.2528325e-05,71.93574469879442,-1.4450596987944238,12.547324210362522,-0.46766169154228854,-1.4385033583333282
108,209.0,85.2256,69.611195,5.485110000000001,-14.69629,4.2360075e-05,71.63007939669217,-2.0188843966921723,10.0041409966235,-0.4626865671641791,-2.020203529183985
109,210.0,85.376075,68.79375999999999,5.505295,-14.430834999999998,4.24525e-05,71.32684277766998,-2.533082777669989,13.002640101949936,-0.4577114427860696,-2.5456071503880047
110,211.0,85.525275,68.124045,5.471715,-14.380335,4.2369365e-05,71.02599875720017,-2.9019537572001752,10.94485185608358,-0.4527363184079602,-3.0007887709413397
111,212.0,85.67525,67.40061,5.513675,-14.092665,4.2454915e-05,70.72750982365542,-3.326899823655424,8.839243859323537,-0.44776119402985076,-3.373684124251387
112,213.0,85.8259,66.73093,5.468335,-14.03696,4.2518195e-05,70.43133704020715,-3.7004070402071534,11.057067503887206,-0.4427860696517413,-3.6544098829816614
113,214.0,85.97605,66.17536,5.48008,-13.798044999999998,4.257123e-05,70.13744004672421,-3.9620800467242105,10.640566839909772,-0.43781094527363185,-3.835525609645619
114,215.0,86.1267,65.76744,5.51872,-13.62893,4.2611755e-05,69.845777061671,-4.078337061671007,5.671649017724279,-0.43283582089552236,-3.9122309601346195
115,216.0,86.277575,65.42339,5.51703,-13.50839,4.2364055e-05,69.55630488400655,-4.132914884006553,9.442078574158439,-0.42786069651741293,-3.8824929134399087
116,217.0,86.42692500000001,65.228675,5.51871,-13.49774,4.2519105000000005e-05,69.26897889508228,-4.040303895082289,15.928271541882564,-0.4228855721393035,-3.7470996554351426
117,218.0,86.57545,65.13298499999999,5.54559,-13.430855,4.242433e-05,68.98375306054123,-3.8507680605412418,18.06782402151918,-0.417910447761194,-3.509639688567837
118,219.0,86.725825,65.221975,5.550585,-13.356649999999998,4.2258785e-05,68.70057993221593,-3.47860493221593,16.681741236100642,-0.4129353233830846,-3.1764067211425404
119,220.0,86.87469999999999,65.28575,5.552275,-13.37773,4.259114e-05,68.41941065002737,-3.1336606500273803,12.263642032450516,-0.4079601990049751,-2.7562328570381336
120,221.0,87.025175,65.391485,5.542199999999999,-13.493735,4.248479e-05,68.14019494388305,-2.7487099438830427,13.090998511703305,-0.40298507462686567,-2.2602545070473727
121,222.0,87.175775,65.55933999999999,5.543889999999999,-13.48171,4.252409e-05,67.862881135576,-2.303541135576012,8.337565103854642,-0.3980099502487562,-1.7016172261933409
122,223.0,87.325975,66.00248500000001,5.5975850000000005,-13.44188,4.2634095e-05,67.58741614068285,-1.5849311406828406,7.917615413628982,-0.39303482587064675,-1.0951273001002289
123,224.0,87.4777,66.428775,5.567349999999999,-13.587790000000002,4.262824e-05,67.31374547046225,-0.8849704704622496,11.637603622719322,-0.3880597014925373,-0.45685931487549714
124,225.0,87.62697499999999,66.92057,5.535485,-13.855005,4.264681e-05,67.0418132337538,-0.12124323375380186,14.505329158640524,-0.38308457711442784,0.1962698884143032
125,226.0,87.7755,67.388875,5.54053,-13.870365,4.2628015e-05,66.77156213887645,0.6173128611235512,15.04286559636396,-0.3781094527363184,0.8469495826393831
126,227.0,87.92585,67.72793,5.595905,-13.811435,4.248644e-05,66.50293349552659,1.2249965044734097,16.65793253353392,-0.3731343283582089,1.4779339631733956
127,228.0,88.07442499999999,68.119035,5.599275,-13.89951,4.261404e-05,66.23586721667682,1.8831677833231737,11.992687747574697,-0.3681592039800995,2.0724992357355685
128,229.0,88.2248,68.360725,5.558975,-14.06375,4.2517305e-05,65.97030182047453,2.3904231795254702,12.491488866085819,-0.36318407960199006,2.6148868687177655
129,230.0,88.37519999999999,68.590645,5.5439,-14.13985,4.2596105e-05,65.70617443214039,2.8844705678596085,12.600550056871572,-0.3582089552238806,3.0907212619082163
130,231.0,88.52615,68.7585,5.580805,-14.13358,4.261354e-05,65.44342078586652,3.315079214133476,11.855256780094198,-0.35323383084577115,3.487390761597284
131,232.0,88.67615,68.74004,5.60263,-13.987555,4.251919e-05,65.18197522671542,3.5580647732845705,12.781528524635833,-0.34825870646766166,3.794381923530385
132,233.0,88.82759999999999,68.66450999999999,5.577435,-14.121195,4.253209e-05,64.92177071251808,3.7427392874819105,11.464198226033337,-0.34328358208955223,4.003558164304501
133,234.0,88.9758,68.49164499999999,5.545555,-14.123634999999998,4.255019e-05,64.66273881577274,3.8289061842272503,12.179455219125105,-0.3383084577114428,4.109375415750824
134,235.0,89.12585,68.24825999999999,5.56569,-14.043395,4.2524665e-05,64.4048097255434,3.843450274456586,19.949689203021144,-0.3333333333333333,4.109029066536417
135,236.0,89.27529999999999,67.865585,5.567365000000001,-13.992275,4.250154e-05,64.14791224935789,3.717672750642109,14.768832782561205,-0.3283582089552239,4.002528296402
136,237.0,89.425175,67.46611,5.5489,-13.904660000000002,4.2563495e-05,63.89197381510699,3.574136184893014,15.716275194770127,-0.3233830845771144,3.792695832859407
137,238.0,89.5762,66.897065,5.537135,-13.880599999999998,4.2803265e-05,63.63692047294239,3.260144527057605,18.224963063521976,-0.31840796019900497,3.485093136797364
138,239.0,89.726325,66.250865,5.575795,-13.61173,4.2851825e-05,63.38267689717569,2.8681881028243126,15.80309506651775,-0.31343283582089554,3.0878729998979715
139,240.0,89.876225,65.502295,5.55563,-13.500800000000002,4.2546375e-05,63.12916638817633,2.373128611823674,16.00179670617799,-0.30845771144278605,2.6115634606652978
140,241.0,90.02695,64.740275,5.523755,-13.41474,4.252248e-05,62.876310874270466,1.863964125729531,17.54216821841934,-0.3034825870646766,2.0687887662183524
141,242.0,90.1755,64.020195,5.486815,-13.40879,4.2534415000000005e-05,62.62403091363927,1.3961640863607343,16.679427753092398,-0.29850746268656714,1.4739347755590915
142,243.0,90.3248,62.97952,5.485115,-13.165584999999998,4.2556365e-05,62.37224569621759,0.6072743037824111,18.638519606713906,-0.2935323383084577,0.8427676725643045
143,244.0,90.475525,62.039565,5.49351,-12.944605,4.2552895e-05,62.12087304559249,-0.08130804559248617,12.996409378874626,-0.2885572139303483,0.1920160944443306
144,245.0,90.62475,61.07615,5.4599400000000005,-12.854625,4.2430905e-05,61.869829420901254,-0.7936794209012561,12.875522843552515,-0.2835820895522388,-0.46107224894285315
145,246.0,90.775375,60.228505,5.47002,-12.69813,4.230194e-05,61.619029918730874,-1.3905249187308755,15.512125667516441,-0.27860696517412936,-1.0991877134301362
146,247.0,90.925875,59.14255000000001,5.538845,-12.241175,4.254477e-05,61.368388275015135,-2.2258382750151284,24.218902979622126,-0.2736318407960199,-1.7054175004052161
147,248.0,91.0764,58.202605000000005,5.52711,-12.092405,4.2322275e-05,61.117816866934334,-2.915211866934328,16.456845883862748,-0.26865671641791045,-2.2636939185637766
148,249.0,91.2274,57.442255,5.523745,-11.968895,4.2347435e-05,60.8672267148133,-3.424971714813296,20.24988785484527,-0.263681592039801,-2.7592202466918176
149,250.0,91.37735,56.779295000000005,5.517025,-11.839955,4.225894e-05,60.61652748401983,-3.8372324840198218,23.838998729873897,-0.25870646766169153,-3.17886291028579
150,251.0,91.52545,56.21025,5.51868,-11.724825,4.2225065e-05,60.36562748686348,-4.155377486863479,18.63904112622303,-0.2537313432835821,-3.511499577646314
151,252.0,91.67595,55.671475,5.527089999999999,-11.60717,4.2276655e-05,60.11443368449339,-4.442958684493391,17.776238816182403,-0.24875621890547264,-3.7483139494056137
152,253.0,91.8252,55.283725,5.532135,-11.474055,4.181047e-05,59.86285168879769,-4.579126688797693,24.717178428628685,-0.24378109452736318,-3.8830294283003672
153,254.0,91.975225,54.907765,5.543855,-11.410535,4.206922e-05,59.61078576430114,-4.703020764301144,30.93766319640572,-0.23880597014925373,-3.9120754759385394
154,255.0,92.125575,54.73318,5.53211,-11.36773,4.2061245e-05,59.358138830064405,-4.624958830064408,32.21320541584361,-0.23383084577114427,-3.8346822473915396
155,256.0,92.2766,54.602275,5.545585,-11.28898,4.2165385e-05,59.1048124615817,-4.502537461581703,22.551699348788294,-0.2288557213930348,-3.6529009953890315
156,257.0,92.427125,54.533455,5.590905,-11.17359,4.2124905e-05,58.850706892680414,-4.317251892680417,32.82509851622588,-0.22388059701492538,-3.3715497033176036
157,258.0,92.5771,54.610655,5.58416,-11.18461,4.216726e-05,58.59572101741798,-3.985066017417978,20.806113390488388,-0.21890547263681592,-2.9980853879821137
158,259.0,92.725825,54.865795000000006,5.599275,-11.232355,4.222289e-05,58.3397523919822,-3.4739573919821964,27.494721026030053,-0.21393034825870647,-2.542406456654702
159,260.0,92.8756,55.136030000000005,5.604315,-11.298265,4.199778e-05,58.08269723658857,-2.946667236588567,16.838573417294196,-0.208955223880597,-2.016590356798019
160,261.0,93.025275,55.532140000000005,5.62274,-11.337575,4.224344e-05,57.82445043737859,-2.292310437378582,34.18179927067358,-0.20398009950248755,-1.4345734718706817
161,262.0,93.174375,55.97192,5.6395800000000005,-11.36034,4.2010835e-05,57.56490554831957,-1.5929855483195752,30.3134397730746,-0.1990049751243781,-0.8117817473505899
162,263.0,93.325275,56.4704,5.607695,-11.54372,4.2056715e-05,57.303954793101795,-0.833554793101797,25.311379631088553,-0.19402985074626866,-0.16472183697111548
163,264.0,93.474775,56.92529,5.61605,-11.64506,4.226501e-05,57.04148906703736,-0.11619906703736405,32.25782856918511,-0.1890547263681592,0.4894563944494827
164,265.0,93.626,57.41373,5.629485000000001,-11.703205,4.218945e-05,56.7773979389589,0.6363320610411023,33.53806869215763,-0.18407960199004975,1.1334144160335016
165,266.0,93.776675,57.78631,5.62108,-11.862545,4.193548e-05,56.51156965311834,1.2747403468816572,26.97794442862427,-0.1791044776119403,1.7500845763291264
166,267.0,93.925925,58.147185,5.58085,-12.04262,4.231129e-05,56.243891131084766,1.9032938689152346,40.94222153963297,-0.17412935323383083,2.3231224693288
167,268.0,94.074725,58.385545,5.61773,-11.96975,4.2293455e-05,55.974247973643,2.4112970263569977,49.07033332177266,-0.1691542288557214,2.8373401313787077
168,269.0,94.225325,58.652435,5.55395,-12.21783,4.2355825e-05,55.702524462692764,2.9499105373072325,60.04016353915268,-0.16417910447761194,3.279108587402802
169,270.0,94.374825,58.835375,5.597555,-12.16436,4.2135415e-05,55.42860356314618,3.4067714368538162,56.65346988461674,-0.15920398009950248,3.636719077238044
170,271.0,94.52515,58.90254,5.62612,-12.031255,4.2181635e-05,55.152366924827206,3.750173075172796,28.455990683430272,-0.15422885572139303,3.9006933880329084
171,272.0,94.67625,58.838745,5.599245,-12.074645,4.2104525000000005e-05,54.8736948843691,3.965050115630902,39.66727282863924,-0.14925373134328357,4.064035067568711
172,273.0,94.826725,58.68263,5.557315,-12.18085,4.2294445e-05,54.59246646711452,4.090163532885484,54.55234160483377,-0.14427860696517414,4.12241486027222
173,274.0,94.977275,58.414095,5.56906,-12.057375,4.2523635e-05,54.30855938901179,4.105535610988213,48.57498326642472,-0.13930348258706468,4.074285451069642
174,275.0,95.127325,58.12704,5.565685,-11.99752,4.22229e-05,54.021850058515625,4.105189941484376,70.54532775223824,-0.13432835820895522,3.920922475877166
175,276.0,95.275675,57.65708500000001,5.511950000000001,-12.00982,4.2265845e-05,53.73221357848409,3.924871421515917,58.566726469264566,-0.12935323383084577,3.6663907117741186
176,277.0,95.42595,57.124995,5.525385,-11.859655,4.200212e-05,53.43952374807769,3.6854712519223085,61.830722192548016,-0.12437810945273632,3.3174363429643074
177,278.0,95.5746,56.371345,5.538819999999999,-11.630595,4.222324e-05,53.14365306465781,3.227691935342186,53.56263475461391,-0.11940298507462686,2.883308157939792
178,279.0,95.724875,55.71509,5.54723,-11.48532,4.2226825e-05,52.84447272568541,2.87061727431459,81.48167647983867,-0.1144278606965174,2.3755124168899875
179,280.0,95.875325,54.8507,5.560685,-11.2303,4.2271895e-05,52.54185263061875,2.3088473693812546,88.19399994969952,-0.10945273631840796,1.807507886421419
180,281.0,96.026325,53.93926,5.5824750000000005,-11.00564,4.235249e-05,52.235661382812964,1.7035986171870334,97.46291274893811,-0.1044776119402985,1.1943491244775402
181,282.0,96.17715,53.07318,5.540505,-10.95821,4.2132565e-05,51.9257662914178,1.1474137085821994,95.6683983635023,-0.09950248756218905,0.5522874699386288
182,283.0,96.327575,52.034225000000006,5.545535,-10.781725,4.231496e-05,51.61203337327625,0.4221916267237589,118.68521908866654,-0.0945273631840796,-0.10165968760952256
183,284.0,96.47625,51.08255,5.574065,-10.447305,4.2483515e-05,51.294327354823196,-0.21177735482319804,192.84759003084412,-0.08955223880597014,-0.7501599417384919
184,285.0,96.625525,50.125815,5.57741,-10.249845,4.2254615e-05,50.972511673984016,-0.8466966739840132,193.0457169986749,-0.0845771144278607,-1.3760252523387877
185,286.0,96.775025,49.347,5.53885,-10.18984,4.221561e-05,50.64644848207256,-1.299448482072556,187.76355743457344,-0.07960199004975124,-1.9626675024539169
186,287.0,96.9251,48.64705,5.56068,-9.906055,4.219448e-05,50.315998645690215,-1.6689486456902145,187.93745460646804,-0.07462686567164178,-2.494538154576451
187,288.0,97.075775,47.99749,5.5321,-9.835375,4.2154565e-05,49.98102174862399,-1.9835317486239887,323.6216203396449,-0.06965174129353234,-2.957540353626385
188,289.0,97.22615,47.39155,5.569065,-9.6479,4.235881e-05,49.641376093745265,-2.2498260937452628,215.2047872171938,-0.06467661691542288,-3.3394025541149017
189,290.0,97.376675,46.770515,5.57575,-9.467875,4.200249e-05,49.29691870490818,-2.5264037049081765,425.98093355355024,-0.05970149253731343,-3.630003768769369
190,291.0,97.5274,46.401285,5.58921,-9.349075,4.22908e-05,48.947505328848194,-2.546220328848193,411.18804670870793,-0.05472636815920398,-3.821641818135661
191,292.0,97.6765,46.060525,5.611025,-9.291575,4.216238e-05,48.59299043708049,-2.5324654370804893,686.7607012766979,-0.04975124378109452,-3.909237471391489
192,293.0,97.825325,45.87757,5.62609,-9.198945,4.2074635e-05,48.23322722779844,-2.3556572277984387,1135.386902757492,-0.04477611940298507,-3.890469067763414
193,294.0,97.975225,45.775195,5.632845,-9.177325,4.228583e-05,47.868067627772234,-2.0928726277722376,2028.5995120582431,-0.03980099502487562,-3.765834050501909
194,295.0,98.124475,45.80707,5.600945,-9.264435,4.2232515e-05,47.497362294247154,-1.6902922942471506,3304.9570234395032,-0.03482587064676617,-3.5386357825002226
195,296.0,98.2749,45.953125,5.60262,-9.28752,4.214234e-05,47.12096061684248,-1.1678356168424813,14324.361972849278,-0.029850746268656716,-3.214895992999564
196,297.0,98.424875,46.16122,5.641225,-9.218395,4.228985e-05,46.73871071944966,-0.5774907194496564,142219.70360474172,-0.02487562189054726,-2.803195175918915
197,298.0,98.5756,46.488555,5.61433,-9.390445,4.2370445e-05,46.35045946213074,0.13809553786925477,1661.870301920466,-0.01990049751243781,-2.3144451699384265
198,299.0,98.7265,46.825915,5.636195,-9.42346,4.214161e-05,45.956052443017,0.8698625569830014,40.9040064713705,-0.014925373134328358,-1.761599947940723
199,300.0,98.87615,47.227045,5.63119,-9.49962,4.221242e-05,45.55533400020731,1.671710999792687,2461.198459196564,-0.009950248756218905,-1.1593122811306515
200,301.0,99.02445,47.636595,5.666435,-9.5329,4.233438e-05,45.148147213667,2.4884477863329977,5.877022861147483,-0.004975124378109453,-0.5235453777085773
