69.6005E+0	105.0033E+0	112.9950E+0	3.3905E+0	-33.3271E+0	41.8693E-6
70.3575E+0	110.0500E+0	113.0280E+0	3.5246E+0	-32.0684E+0	42.3242E-6
71.1080E+0	115.0533E+0	113.0620E+0	3.3905E+0	-33.3469E+0	41.5026E-6
71.8560E+0	120.0400E+0	111.6850E+0	3.5919E+0	-31.0937E+0	40.7077E-6
72.6060E+0	125.0400E+0	108.5640E+0	3.2561E+0	-33.3413E+0	41.6313E-6
73.3570E+0	130.0467E+0	103.5950E+0	3.3232E+0	-31.1734E+0	40.8140E-6
74.1085E+0	135.0567E+0	98.5262E+0	3.2897E+0	-29.9503E+0	41.5804E-6
74.8550E+0	140.0333E+0	95.3707E+0	3.2561E+0	-29.2895E+0	41.2364E-6
75.6065E+0	145.0433E+0	93.6252E+0	3.2226E+0	-29.0526E+0	41.8569E-6
76.3575E+0	150.0500E+0	94.0615E+0	3.4911E+0	-26.9435E+0	40.6546E-6
77.1045E+0	155.0300E+0	94.5651E+0	3.4240E+0	-27.6182E+0	40.5908E-6
77.8565E+0	160.0433E+0	93.8601E+0	3.3567E+0	-27.9618E+0	39.8332E-6
78.6075E+0	165.0500E+0	91.3423E+0	3.4240E+0	-26.6770E+0	39.9555E-6
79.3580E+0	170.0533E+0	83.8228E+0	3.2897E+0	-25.4807E+0	41.1450E-6
80.1070E+0	175.0467E+0	80.4993E+0	3.2561E+0	-24.7223E+0	41.3487E-6
80.8585E+0	180.0567E+0	77.8809E+0	3.3567E+0	-23.2015E+0	42.1650E-6
81.6085E+0	185.0567E+0	78.0153E+0	3.3905E+0	-23.0101E+0	42.2741E-6
82.3565E+0	190.0433E+0	79.4923E+0	3.3567E+0	-23.6815E+0	41.5874E-6
83.1070E+0	195.0467E+0	79.9960E+0	3.4240E+0	-23.3632E+0	41.3482E-6
83.8580E+0	200.0533E+0	79.0895E+0	3.3567E+0	-23.5615E+0	41.3053E-6
84.6065E+0	205.0433E+0	76.1354E+0	3.4240E+0	-22.2357E+0	42.6514E-6
85.3555E+0	210.0367E+0	71.9728E+0	3.3567E+0	-21.4414E+0	42.1988E-6
86.1090E+0	215.0600E+0	68.2801E+0	3.2561E+0	-20.9696E+0	42.5360E-6
86.8585E+0	220.0567E+0	66.1989E+0	3.3905E+0	-19.5249E+0	41.8889E-6
87.6075E+0	225.0500E+0	66.1989E+0	3.2561E+0	-20.3305E+0	42.4588E-6
88.3570E+0	230.0467E+0	67.8101E+0	3.3905E+0	-20.0001E+0	42.6210E-6
89.1070E+0	235.0467E+0	68.1123E+0	3.3905E+0	-20.0893E+0	41.5418E-6
89.8560E+0	240.0400E+0	67.0045E+0	3.3567E+0	-19.9613E+0	42.6802E-6
90.6070E+0	245.0467E+0	63.6140E+0	3.4575E+0	-18.3986E+0	42.4614E-6
91.3585E+0	250.0567E+0	58.4442E+0	3.3905E+0	-17.2377E+0	41.7610E-6
92.1080E+0	255.0533E+0	55.3895E+0	3.3232E+0	-16.6676E+0	42.1653E-6
92.8560E+0	260.0400E+0	54.2481E+0	3.4575E+0	-15.6898E+0	41.3981E-6
93.6095E+0	265.0633E+0	54.9194E+0	3.5583E+0	-15.4340E+0	41.2878E-6
94.3585E+0	270.0567E+0	56.3965E+0	3.5246E+0	-16.0009E+0	41.4227E-6
95.1050E+0	275.0333E+0	57.0344E+0	3.3905E+0	-16.8219E+0	41.9593E-6
95.8565E+0	280.0433E+0	55.7587E+0	3.4575E+0	-16.1267E+0	41.6095E-6
96.6090E+0	285.0600E+0	51.9990E+0	3.5919E+0	-14.4768E+0	40.7218E-6
97.3565E+0	290.0433E+0	47.2320E+0	3.4575E+0	-13.6606E+0	41.6300E-6
98.1080E+0	295.0533E+0	45.6544E+0	3.4911E+0	-13.0775E+0	41.7431E-6
98.8580E+0	300.0533E+0	45.6879E+0	3.3905E+0	-13.4753E+0	42.2001E-6
99.6080E+0	305.0533E+0	47.6348E+0	3.2897E+0	-14.4802E+0	43.0182E-6
69.6005E+0	105.0033E+0	113.5990E+0	3.4240E+0	-33.1772E+0	41.3875E-6
70.3580E+0	110.0533E+0	113.3970E+0	3.3905E+0	-33.4457E+0	42.3694E-6
71.1070E+0	115.0467E+0	113.4980E+0	3.5583E+0	-31.8962E+0	41.7532E-6
71.8575E+0	120.0500E+0	112.9610E+0	3.5919E+0	-31.4490E+0	41.5034E-6
72.6050E+0	125.0333E+0	110.9470E+0	3.5246E+0	-31.4780E+0	41.6860E-6
73.3575E+0	130.0500E+0	105.8440E+0	3.4240E+0	-30.9123E+0	41.7835E-6
74.1070E+0	135.0467E+0	100.8090E+0	3.5583E+0	-28.3303E+0	42.6358E-6
74.8560E+0	140.0400E+0	96.8142E+0	3.4575E+0	-28.0009E+0	41.9248E-6
75.6070E+0	145.0467E+0	94.5651E+0	3.6589E+0	-25.8450E+0	42.5417E-6
76.3590E+0	150.0600E+0	94.8000E+0	3.6589E+0	-25.9092E+0	42.9566E-6
77.1070E+0	155.0467E+0	94.9006E+0	3.6589E+0	-25.9367E+0	43.3551E-6
77.8555E+0	160.0367E+0	94.0280E+0	3.5246E+0	-26.6777E+0	43.1178E-6
78.6080E+0	165.0533E+0	92.1816E+0	3.4575E+0	-26.6610E+0	42.1466E-6
79.3580E+0	170.0533E+0	88.3883E+0	3.3232E+0	-26.5974E+0	42.2353E-6
80.1055E+0	175.0367E+0	82.8493E+0	3.2561E+0	-25.4440E+0	43.0547E-6
80.8570E+0	180.0467E+0	80.0965E+0	3.3232E+0	-24.1023E+0	42.5203E-6
81.6065E+0	185.0433E+0	79.8616E+0	3.4240E+0	-23.3240E+0	42.5889E-6
82.3570E+0	190.0467E+0	81.0365E+0	3.3567E+0	-24.1416E+0	42.6542E-6
83.1065E+0	195.0433E+0	81.2379E+0	3.5246E+0	-23.0489E+0	41.0467E-6
83.8570E+0	200.0467E+0	79.4253E+0	3.5919E+0	-22.1125E+0	41.5131E-6
84.6060E+0	205.0400E+0	76.3368E+0	3.4911E+0	-21.8664E+0	40.7805E-6
85.3545E+0	210.0300E+0	72.0734E+0	3.4575E+0	-20.8453E+0	40.9955E-6
86.1090E+0	215.0600E+0	67.5751E+0	3.2897E+0	-20.5417E+0	41.2919E-6
86.8585E+0	220.0567E+0	66.0310E+0	3.2897E+0	-20.0723E+0	41.2428E-6
87.6075E+0	225.0500E+0	66.4673E+0	3.6254E+0	-18.3337E+0	41.3038E-6
88.3580E+0	230.0533E+0	66.7695E+0	3.5583E+0	-18.7642E+0	42.1629E-6
89.1070E+0	235.0467E+0	67.7095E+0	3.6589E+0	-18.5053E+0	40.4883E-6
89.8555E+0	240.0367E+0	66.6352E+0	3.4575E+0	-19.2724E+0	40.6575E-6
90.6075E+0	245.0500E+0	63.6475E+0	3.3905E+0	-18.7724E+0	40.7459E-6
91.3585E+0	250.0567E+0	60.2570E+0	3.4911E+0	-17.2604E+0	41.0222E-6
92.1085E+0	255.0567E+0	56.9336E+0	3.5246E+0	-16.1533E+0	41.1070E-6
92.8580E+0	260.0533E+0	55.2216E+0	3.7933E+0	-14.5577E+0	41.1414E-6
93.6085E+0	265.0567E+0	55.9601E+0	3.6589E+0	-15.2941E+0	40.8686E-6
94.3565E+0	270.0433E+0	57.8065E+0	3.5919E+0	-16.0937E+0	40.9699E-6
95.1045E+0	275.0300E+0	57.8065E+0	3.6254E+0	-15.9448E+0	41.3553E-6
95.8585E+0	280.0567E+0	56.0610E+0	3.6589E+0	-15.3217E+0	40.8327E-6
96.6075E+0	285.0500E+0	53.0060E+0	3.5246E+0	-15.0389E+0	40.9019E-6
97.3570E+0	290.0467E+0	49.1119E+0	3.4575E+0	-14.2043E+0	40.2338E-6
98.1080E+0	295.0533E+0	46.2250E+0	3.5919E+0	-12.8693E+0	40.3482E-6
98.8595E+0	300.0633E+0	46.5943E+0	3.4911E+0	-13.3467E+0	40.9181E-6
99.6080E+0	305.0533E+0	47.8027E+0	3.5919E+0	-13.3085E+0	40.7287E-6
69.6005E+0	105.0033E+0	111.8200E+0	3.6589E+0	-30.5608E+0	41.1712E-6
70.3575E+0	110.0500E+0	112.3900E+0	3.8268E+0	-29.3692E+0	41.6360E-6
71.1070E+0	115.0467E+0	112.2900E+0	3.7597E+0	-29.8663E+0	41.2822E-6
71.8570E+0	120.0467E+0	111.4500E+0	3.5919E+0	-31.0283E+0	41.3467E-6
72.6065E+0	125.0433E+0	108.5970E+0	3.6254E+0	-29.9544E+0	40.7765E-6
73.3580E+0	130.0533E+0	103.8640E+0	3.6925E+0	-28.1287E+0	41.4649E-6
74.1075E+0	135.0500E+0	99.0969E+0	3.4911E+0	-28.3859E+0	40.6883E-6
74.8555E+0	140.0367E+0	95.1022E+0	3.5583E+0	-26.7265E+0	40.1681E-6
75.6070E+0	145.0467E+0	93.4238E+0	3.6925E+0	-25.3012E+0	40.3800E-6
76.3570E+0	150.0467E+0	93.4238E+0	3.6589E+0	-25.5331E+0	40.6919E-6
77.1065E+0	155.0433E+0	94.0950E+0	3.5583E+0	-26.4434E+0	41.6006E-6
77.8555E+0	160.0367E+0	93.6587E+0	3.6589E+0	-25.5973E+0	40.3280E-6
78.6080E+0	165.0533E+0	90.8389E+0	3.6589E+0	-24.8266E+0	42.1382E-6
79.3580E+0	170.0533E+0	85.8705E+0	3.5246E+0	-24.3633E+0	41.6123E-6
80.1075E+0	175.0500E+0	81.6071E+0	3.4911E+0	-23.3760E+0	39.8640E-6
80.8570E+0	180.0467E+0	78.1831E+0	3.6254E+0	-21.5653E+0	40.5376E-6
81.6045E+0	185.0300E+0	77.8474E+0	3.7933E+0	-20.5225E+0	41.5011E-6
82.3570E+0	190.0467E+0	78.6532E+0	3.7597E+0	-20.9198E+0	40.8313E-6
83.1075E+0	195.0500E+0	79.4923E+0	3.6925E+0	-21.5283E+0	40.1387E-6
83.8570E+0	200.0467E+0	78.9552E+0	3.6589E+0	-21.5788E+0	42.4528E-6
84.6070E+0	205.0467E+0	76.0346E+0	3.7597E+0	-20.2233E+0	41.5373E-6
85.3565E+0	210.0433E+0	72.8793E+0	3.5583E+0	-20.4812E+0	41.1928E-6
86.1095E+0	215.0633E+0	67.8101E+0	3.6589E+0	-18.5328E+0	41.1101E-6
86.8570E+0	220.0467E+0	66.3332E+0	3.5246E+0	-18.8201E+0	42.0530E-6
87.6080E+0	225.0533E+0	66.6017E+0	3.4240E+0	-19.4514E+0	40.8590E-6
88.3580E+0	230.0533E+0	67.6760E+0	3.6254E+0	-18.6671E+0	40.1649E-6
89.1075E+0	235.0500E+0	68.5824E+0	3.4575E+0	-19.8356E+0	40.3076E-6
89.8555E+0	240.0367E+0	66.5009E+0	3.5246E+0	-18.8677E+0	40.5897E-6
90.6075E+0	245.0500E+0	63.2782E+0	3.6925E+0	-17.1371E+0	40.2425E-6
91.3595E+0	250.0633E+0	58.9143E+0	3.7260E+0	-15.8117E+0	40.0191E-6
92.1085E+0	255.0567E+0	56.2286E+0	3.6589E+0	-15.3675E+0	40.8333E-6
92.8570E+0	260.0467E+0	55.1210E+0	3.5919E+0	-15.3460E+0	39.5891E-6
93.6070E+0	265.0467E+0	56.3629E+0	3.5919E+0	-15.6918E+0	41.3306E-6
94.3585E+0	270.0567E+0	58.2763E+0	3.5919E+0	-16.2245E+0	40.7777E-6
95.1055E+0	275.0367E+0	58.4442E+0	3.5919E+0	-16.2712E+0	41.5642E-6
95.8575E+0	280.0500E+0	56.5979E+0	3.3232E+0	-17.0312E+0	41.1075E-6
96.6070E+0	285.0467E+0	52.5026E+0	3.5246E+0	-14.8961E+0	41.1014E-6
97.3580E+0	290.0533E+0	49.3806E+0	3.5919E+0	-13.7478E+0	40.0445E-6
98.1075E+0	295.0500E+0	46.9636E+0	3.6254E+0	-12.9540E+0	39.8628E-6
98.8595E+0	300.0633E+0	46.9300E+0	3.5919E+0	-13.0656E+0	40.2501E-6
99.6070E+0	305.0467E+0	48.9105E+0	3.6925E+0	-13.2460E+0	40.4537E-6
69.6005E+0	105.0033E+0	111.8530E+0	3.7260E+0	-30.0197E+0	40.9788E-6
70.3570E+0	110.0467E+0	111.9540E+0	3.7260E+0	-30.0468E+0	41.7981E-6
71.1055E+0	115.0367E+0	111.9540E+0	3.7933E+0	-29.5138E+0	41.3895E-6
71.8565E+0	120.0433E+0	111.2160E+0	3.7933E+0	-29.3192E+0	40.8206E-6
72.6070E+0	125.0467E+0	108.3960E+0	3.8603E+0	-28.0795E+0	42.0217E-6
73.3575E+0	130.0500E+0	102.9240E+0	3.7260E+0	-27.6233E+0	41.1201E-6
74.1065E+0	135.0433E+0	98.2240E+0	3.6589E+0	-26.8450E+0	41.4851E-6
74.8560E+0	140.0400E+0	94.2964E+0	3.8603E+0	-24.4270E+0	41.6478E-6
75.6070E+0	145.0467E+0	92.4501E+0	3.7597E+0	-24.5894E+0	41.8364E-6
76.3570E+0	150.0467E+0	92.8531E+0	3.7933E+0	-24.4783E+0	41.2558E-6
77.1060E+0	155.0400E+0	93.2559E+0	3.7933E+0	-24.5845E+0	41.6252E-6
77.8570E+0	160.0467E+0	92.2822E+0	3.7260E+0	-24.7672E+0	41.6989E-6
78.6085E+0	165.0567E+0	88.9590E+0	3.8268E+0	-23.2463E+0	41.2914E-6
79.3570E+0	170.0467E+0	84.6284E+0	3.5919E+0	-23.5610E+0	40.6627E-6
80.1060E+0	175.0400E+0	78.8209E+0	3.8603E+0	-20.4182E+0	42.6207E-6
80.8580E+0	180.0533E+0	77.5454E+0	3.7933E+0	-20.4428E+0	41.2882E-6
81.6070E+0	185.0467E+0	77.0083E+0	3.8603E+0	-19.9486E+0	40.5735E-6
82.3570E+0	190.0467E+0	78.0153E+0	3.8268E+0	-20.3866E+0	41.1598E-6
83.1070E+0	195.0467E+0	78.9552E+0	3.6925E+0	-21.3828E+0	41.6231E-6
83.8565E+0	200.0433E+0	78.3845E+0	3.7597E+0	-20.8483E+0	42.0456E-6
84.6060E+0	205.0400E+0	75.4977E+0	3.6925E+0	-20.4465E+0	42.0249E-6
85.3560E+0	210.0400E+0	70.5293E+0	3.7260E+0	-18.9290E+0	43.3337E-6
86.1090E+0	215.0600E+0	67.0380E+0	3.5246E+0	-19.0201E+0	41.6838E-6
86.8580E+0	220.0533E+0	66.0981E+0	3.6589E+0	-18.0649E+0	42.1055E-6
87.6080E+0	225.0533E+0	66.4338E+0	3.7260E+0	-17.8298E+0	41.6540E-6
88.3560E+0	230.0400E+0	67.7765E+0	3.7260E+0	-18.1902E+0	42.2787E-6
89.1070E+0	235.0467E+0	68.8843E+0	3.7260E+0	-18.4875E+0	41.8860E-6
89.8565E+0	240.0433E+0	67.6087E+0	3.6254E+0	-18.6486E+0	41.5190E-6
90.6065E+0	245.0433E+0	63.7819E+0	3.5583E+0	-17.9246E+0	41.8798E-6
91.3580E+0	250.0533E+0	59.0149E+0	3.6589E+0	-16.1290E+0	42.0172E-6
92.1080E+0	255.0533E+0	55.1881E+0	3.5583E+0	-15.5095E+0	41.4978E-6
92.8575E+0	260.0500E+0	54.6174E+0	3.7260E+0	-14.6585E+0	41.7800E-6
93.6085E+0	265.0567E+0	55.6579E+0	3.5919E+0	-15.4955E+0	41.4018E-6
94.3590E+0	270.0600E+0	57.2358E+0	3.7260E+0	-15.3612E+0	41.5570E-6
95.1055E+0	275.0367E+0	57.1015E+0	3.6589E+0	-15.6061E+0	42.1951E-6
95.8570E+0	280.0467E+0	55.1210E+0	3.7933E+0	-14.5312E+0	40.9103E-6
96.6075E+0	285.0500E+0	49.5149E+0	3.8268E+0	-12.9390E+0	40.3079E-6
97.3560E+0	290.0400E+0	47.2320E+0	3.8603E+0	-12.2352E+0	40.6588E-6
98.1080E+0	295.0533E+0	45.1172E+0	3.6589E+0	-12.3307E+0	41.0512E-6
98.8585E+0	300.0567E+0	45.1508E+0	3.8268E+0	-11.7986E+0	42.1750E-6
99.6085E+0	305.0567E+0	46.1580E+0	3.9276E+0	-11.7522E+0	41.0779E-6
69.6005E+0	105.0033E+0	111.1820E+0	3.8603E+0	-28.8012E+0	40.8045E-6
70.3565E+0	110.0433E+0	110.6780E+0	3.7597E+0	-29.4376E+0	40.6111E-6
71.1070E+0	115.0467E+0	111.1480E+0	3.7597E+0	-29.5626E+0	40.5175E-6
71.8560E+0	120.0400E+0	111.4170E+0	3.7597E+0	-29.6342E+0	40.7717E-6
72.6055E+0	125.0367E+0	108.4290E+0	3.6589E+0	-29.6341E+0	40.8291E-6
73.3575E+0	130.0500E+0	103.9980E+0	3.6254E+0	-28.6859E+0	39.6508E-6
74.1060E+0	135.0400E+0	98.3248E+0	3.7260E+0	-26.3889E+0	41.0114E-6
74.8550E+0	140.0333E+0	95.0685E+0	3.5919E+0	-26.4676E+0	40.0233E-6
75.6070E+0	145.0467E+0	93.5243E+0	3.6589E+0	-25.5606E+0	40.4497E-6
76.3570E+0	150.0467E+0	93.5243E+0	3.6589E+0	-25.5606E+0	40.5565E-6
77.1060E+0	155.0400E+0	93.4908E+0	3.8603E+0	-24.2183E+0	41.3532E-6
77.8560E+0	160.0400E+0	91.9802E+0	3.8268E+0	-24.0358E+0	40.2220E-6
78.6085E+0	165.0567E+0	87.8512E+0	3.8603E+0	-22.7574E+0	41.4580E-6
79.3575E+0	170.0500E+0	83.7222E+0	3.7933E+0	-22.0712E+0	40.8887E-6
80.1050E+0	175.0333E+0	80.1638E+0	3.6925E+0	-21.7101E+0	40.4003E-6
80.8580E+0	180.0533E+0	77.0083E+0	3.7260E+0	-20.6679E+0	40.7508E-6
81.6060E+0	185.0400E+0	76.4711E+0	3.8268E+0	-19.9830E+0	41.3477E-6
82.3565E+0	190.0433E+0	77.1089E+0	3.7933E+0	-20.3278E+0	40.9757E-6
83.1075E+0	195.0500E+0	78.1496E+0	3.8939E+0	-20.0700E+0	41.3415E-6
83.8575E+0	200.0500E+0	77.4111E+0	3.8268E+0	-20.2287E+0	41.8119E-6
84.6055E+0	205.0367E+0	74.3226E+0	3.7933E+0	-19.5932E+0	40.1927E-6
85.3560E+0	210.0400E+0	71.4692E+0	3.7933E+0	-18.8410E+0	41.4997E-6
86.1095E+0	215.0633E+0	66.5346E+0	3.7933E+0	-17.5401E+0	41.1876E-6
86.8585E+0	220.0567E+0	64.6547E+0	3.6254E+0	-17.8338E+0	41.7122E-6
87.6080E+0	225.0533E+0	65.1581E+0	3.7597E+0	-17.3304E+0	40.6100E-6
88.3570E+0	230.0467E+0	65.7288E+0	3.8939E+0	-16.8801E+0	41.4555E-6
89.1080E+0	235.0533E+0	66.7360E+0	3.8603E+0	-17.2876E+0	41.7364E-6
89.8565E+0	240.0433E+0	65.1246E+0	3.7260E+0	-17.4785E+0	41.1447E-6
90.6070E+0	245.0467E+0	62.0363E+0	3.8603E+0	-16.0702E+0	41.3848E-6
91.3585E+0	250.0567E+0	58.7129E+0	3.5919E+0	-16.3460E+0	40.8092E-6
92.1090E+0	255.0600E+0	55.2887E+0	3.5919E+0	-15.3927E+0	41.8506E-6
92.8585E+0	260.0567E+0	54.7518E+0	3.7260E+0	-14.6946E+0	40.7861E-6
93.6070E+0	265.0467E+0	55.5238E+0	3.6925E+0	-15.0371E+0	41.2997E-6
94.3580E+0	270.0533E+0	56.8666E+0	3.6925E+0	-15.4007E+0	42.0275E-6
95.1050E+0	275.0333E+0	56.9671E+0	3.6589E+0	-15.5693E+0	42.0998E-6
95.8590E+0	280.0600E+0	54.8523E+0	3.6925E+0	-14.8552E+0	41.4253E-6
96.6075E+0	285.0500E+0	50.9582E+0	3.7260E+0	-13.6764E+0	42.1487E-6
97.3575E+0	290.0500E+0	47.9370E+0	3.8603E+0	-12.4179E+0	42.3026E-6
98.1080E+0	295.0533E+0	45.7887E+0	3.6589E+0	-12.5142E+0	41.8681E-6
98.8580E+0	300.0533E+0	45.7887E+0	3.7260E+0	-12.2890E+0	41.5958E-6
99.6080E+0	305.0533E+0	45.7887E+0	3.9612E+0	-11.5594E+0	41.4167E-6
69.6005E+0	105.0033E+0	110.6110E+0	3.9947E+0	-27.6896E+0	41.9720E-6
70.3570E+0	110.0467E+0	110.3430E+0	3.8603E+0	-28.5838E+0	41.8841E-6
71.1070E+0	115.0467E+0	108.3280E+0	3.9947E+0	-27.1181E+0	41.2757E-6
71.8575E+0	120.0500E+0	108.3620E+0	3.9276E+0	-27.5897E+0	41.0668E-6
72.6065E+0	125.0433E+0	106.8180E+0	3.8939E+0	-27.4324E+0	41.8547E-6
73.3590E+0	130.0600E+0	102.6550E+0	3.7933E+0	-27.0623E+0	41.0492E-6
74.1060E+0	135.0400E+0	96.2771E+0	3.8939E+0	-24.7254E+0	41.3001E-6
74.8550E+0	140.0333E+0	91.7115E+0	3.9947E+0	-22.9584E+0	41.3391E-6
75.6070E+0	145.0467E+0	89.0261E+0	3.9947E+0	-22.2862E+0	40.5651E-6
76.3575E+0	150.0500E+0	90.2347E+0	3.9276E+0	-22.9744E+0	42.1863E-6
77.1065E+0	155.0433E+0	91.5101E+0	3.6925E+0	-24.7830E+0	41.4892E-6
77.8555E+0	160.0367E+0	90.5702E+0	3.8268E+0	-23.6673E+0	41.9076E-6
78.6075E+0	165.0500E+0	87.9853E+0	3.7260E+0	-23.6139E+0	41.1912E-6
79.3575E+0	170.0500E+0	82.9836E+0	3.8268E+0	-21.6849E+0	40.7915E-6
80.1060E+0	175.0400E+0	76.4711E+0	3.9276E+0	-19.4701E+0	41.5352E-6
80.8585E+0	180.0567E+0	72.7784E+0	4.1290E+0	-17.6261E+0	41.4903E-6
81.6045E+0	185.0300E+0	72.5100E+0	4.0953E+0	-17.7058E+0	41.5342E-6
82.3575E+0	190.0500E+0	75.2963E+0	3.9947E+0	-18.8491E+0	40.9958E-6
83.1085E+0	195.0567E+0	77.6125E+0	3.8268E+0	-20.2813E+0	40.5621E-6
83.8560E+0	200.0400E+0	78.7538E+0	3.6254E+0	-21.7227E+0	40.6497E-6
84.6060E+0	205.0400E+0	76.1689E+0	3.5246E+0	-21.6107E+0	40.4300E-6
85.3545E+0	210.0300E+0	71.4357E+0	3.7260E+0	-19.1723E+0	39.6853E-6
86.1090E+0	215.0600E+0	64.6547E+0	3.9276E+0	-16.4615E+0	39.8141E-6
86.8585E+0	220.0567E+0	63.1439E+0	3.9612E+0	-15.9408E+0	40.5996E-6
87.6075E+0	225.0500E+0	63.5132E+0	4.0617E+0	-15.6370E+0	40.9343E-6
88.3570E+0	230.0467E+0	64.9903E+0	4.0617E+0	-16.0006E+0	40.2448E-6
89.1080E+0	235.0533E+0	64.6883E+0	4.1961E+0	-15.4164E+0	40.5137E-6
89.8560E+0	240.0400E+0	63.1439E+0	3.9947E+0	-15.8070E+0	40.9352E-6
90.6075E+0	245.0500E+0	58.3436E+0	3.9947E+0	-14.6053E+0	41.3502E-6
91.3595E+0	250.0633E+0	55.5238E+0	4.0617E+0	-13.6700E+0	40.8770E-6
92.1085E+0	255.0567E+0	53.5431E+0	3.9276E+0	-13.6325E+0	39.7100E-6
92.8590E+0	260.0600E+0	53.5096E+0	3.8603E+0	-13.8614E+0	42.0874E-6
93.6070E+0	265.0467E+0	54.9194E+0	3.8603E+0	-14.2266E+0	40.6701E-6
94.3575E+0	270.0500E+0	56.6316E+0	3.9276E+0	-14.4188E+0	40.2763E-6
95.1055E+0	275.0367E+0	57.3029E+0	3.8603E+0	-14.8440E+0	40.8144E-6
95.8575E+0	280.0500E+0	55.1546E+0	3.7597E+0	-14.6698E+0	40.2749E-6
96.6065E+0	285.0433E+0	49.4812E+0	3.7597E+0	-13.1608E+0	39.8257E-6
97.3580E+0	290.0533E+0	47.1314E+0	3.6925E+0	-12.7642E+0	40.4432E-6
98.1085E+0	295.0567E+0	44.6471E+0	3.9612E+0	-11.2712E+0	40.4735E-6
98.8595E+0	300.0633E+0	44.7480E+0	3.8268E+0	-11.6933E+0	40.3019E-6
99.6080E+0	305.0533E+0	46.2921E+0	3.8939E+0	-11.8885E+0	40.1679E-6
69.6005E+0	105.0033E+0	109.1000E+0	4.0282E+0	-27.0841E+0	41.9268E-6
70.3575E+0	110.0500E+0	109.2680E+0	3.9612E+0	-27.5849E+0	41.2272E-6
71.1075E+0	115.0500E+0	109.3020E+0	4.1290E+0	-26.4717E+0	42.5562E-6
71.8560E+0	120.0400E+0	108.7310E+0	3.9947E+0	-27.2190E+0	41.2447E-6
72.6060E+0	125.0400E+0	106.0790E+0	4.0617E+0	-26.1167E+0	41.2891E-6
73.3570E+0	130.0467E+0	101.9170E+0	3.9612E+0	-25.7291E+0	41.1451E-6
74.1055E+0	135.0367E+0	96.3777E+0	3.8939E+0	-24.7512E+0	41.9557E-6
74.8560E+0	140.0400E+0	92.8193E+0	3.8603E+0	-24.0444E+0	41.6383E-6
75.6065E+0	145.0433E+0	91.2752E+0	3.9612E+0	-23.0426E+0	42.2356E-6
76.3575E+0	150.0500E+0	91.5101E+0	3.7933E+0	-24.1243E+0	42.7295E-6
77.1070E+0	155.0467E+0	92.1146E+0	3.9276E+0	-23.4530E+0	42.2449E-6
77.8550E+0	160.0333E+0	90.9730E+0	3.8939E+0	-23.3632E+0	42.6428E-6
78.6075E+0	165.0500E+0	88.8917E+0	3.9612E+0	-22.4409E+0	41.9410E-6
79.3585E+0	170.0567E+0	84.3599E+0	3.8939E+0	-21.6649E+0	41.3060E-6
80.1060E+0	175.0400E+0	79.0560E+0	3.7260E+0	-21.2174E+0	41.6497E-6
80.8590E+0	180.0600E+0	77.1761E+0	3.8268E+0	-20.1673E+0	41.9388E-6
81.6070E+0	185.0467E+0	76.6055E+0	3.6254E+0	-21.1302E+0	41.3820E-6
82.3580E+0	190.0533E+0	77.4111E+0	3.9276E+0	-19.7094E+0	41.1366E-6
83.1070E+0	195.0467E+0	78.7203E+0	3.8603E+0	-20.3921E+0	41.7722E-6
83.8560E+0	200.0400E+0	77.5454E+0	3.8268E+0	-20.2638E+0	40.9041E-6
84.6060E+0	205.0400E+0	73.7519E+0	3.8268E+0	-19.2725E+0	40.9271E-6
85.3550E+0	210.0333E+0	69.8243E+0	3.6925E+0	-18.9100E+0	41.6639E-6
86.1090E+0	215.0600E+0	65.8296E+0	3.9276E+0	-16.7607E+0	40.6755E-6
86.8585E+0	220.0567E+0	63.2782E+0	3.9276E+0	-16.1111E+0	41.1537E-6
87.6085E+0	225.0567E+0	63.4796E+0	3.9276E+0	-16.1624E+0	40.6237E-6
88.3580E+0	230.0533E+0	64.5204E+0	3.9612E+0	-16.2883E+0	41.3679E-6
89.1080E+0	235.0533E+0	65.2589E+0	3.9612E+0	-16.4747E+0	41.7984E-6
89.8560E+0	240.0400E+0	63.6140E+0	3.8603E+0	-16.4789E+0	42.1497E-6
90.6075E+0	245.0500E+0	60.4920E+0	3.7597E+0	-16.0894E+0	42.0289E-6
91.3600E+0	250.0667E+0	55.8258E+0	3.9276E+0	-14.2136E+0	42.5127E-6
92.1080E+0	255.0533E+0	53.2074E+0	3.9276E+0	-13.5470E+0	43.1322E-6
92.8580E+0	260.0533E+0	52.4689E+0	3.8268E+0	-13.7109E+0	42.7388E-6
93.6080E+0	265.0533E+0	54.1138E+0	3.8939E+0	-13.8972E+0	43.8915E-6
94.3590E+0	270.0600E+0	55.4903E+0	3.9276E+0	-14.1282E+0	42.4935E-6
95.1050E+0	275.0333E+0	56.3294E+0	3.8939E+0	-14.4662E+0	42.9390E-6
95.8575E+0	280.0500E+0	54.0132E+0	3.7597E+0	-14.3662E+0	42.4548E-6
96.6070E+0	285.0467E+0	51.3610E+0	3.7933E+0	-13.5400E+0	43.5118E-6
97.3580E+0	290.0533E+0	47.6686E+0	3.7260E+0	-12.7935E+0	42.6832E-6
98.1080E+0	295.0533E+0	44.8150E+0	3.8603E+0	-11.6091E+0	42.0883E-6
98.8580E+0	300.0533E+0	44.7480E+0	3.8268E+0	-11.6933E+0	42.0609E-6
99.6070E+0	305.0467E+0	46.3256E+0	3.9612E+0	-11.6950E+0	42.1173E-6
69.6005E+0	105.0033E+0	109.4360E+0	4.0953E+0	-26.7226E+0	42.4853E-6
70.3560E+0	110.0400E+0	109.7720E+0	4.0282E+0	-27.2509E+0	41.3349E-6
71.1090E+0	115.0600E+0	110.1750E+0	4.1290E+0	-26.6831E+0	41.9242E-6
71.8560E+0	120.0400E+0	109.0670E+0	4.0282E+0	-27.0759E+0	42.6946E-6
72.6060E+0	125.0400E+0	105.4420E+0	4.0953E+0	-25.7473E+0	41.7761E-6
73.3570E+0	130.0467E+0	101.0780E+0	4.0617E+0	-24.8855E+0	41.3141E-6
74.1060E+0	135.0400E+0	95.8070E+0	4.1290E+0	-23.2033E+0	41.3603E-6
74.8555E+0	140.0367E+0	92.6852E+0	4.1961E+0	-22.0886E+0	41.7587E-6
75.6065E+0	145.0433E+0	91.5101E+0	3.7597E+0	-24.3394E+0	42.1177E-6
76.3595E+0	150.0633E+0	92.3830E+0	3.8268E+0	-24.1411E+0	41.8483E-6
77.1055E+0	155.0367E+0	93.0207E+0	3.8939E+0	-23.8891E+0	41.9799E-6
77.8555E+0	160.0367E+0	91.6780E+0	3.9947E+0	-22.9500E+0	42.4255E-6
78.6090E+0	165.0600E+0	86.5420E+0	3.8268E+0	-22.6147E+0	41.9713E-6
79.3580E+0	170.0533E+0	82.9501E+0	3.9612E+0	-20.9409E+0	41.7728E-6
80.1070E+0	175.0467E+0	78.6532E+0	4.0953E+0	-19.2059E+0	41.3822E-6
80.8585E+0	180.0567E+0	76.3368E+0	3.9276E+0	-19.4359E+0	40.7278E-6
81.6075E+0	185.0500E+0	75.2290E+0	3.9276E+0	-19.1538E+0	41.0488E-6
82.3565E+0	190.0433E+0	75.9005E+0	4.1290E+0	-18.3822E+0	40.8277E-6
83.1065E+0	195.0433E+0	76.3703E+0	4.1625E+0	-18.3470E+0	40.4003E-6
83.8560E+0	200.0400E+0	75.3298E+0	4.0282E+0	-18.7006E+0	41.2916E-6
84.6055E+0	205.0367E+0	71.7377E+0	4.1290E+0	-17.3740E+0	40.8794E-6
85.3550E+0	210.0333E+0	65.7288E+0	4.2631E+0	-15.4180E+0	41.6770E-6
86.1090E+0	215.0600E+0	63.2447E+0	4.1625E+0	-15.1937E+0	41.1913E-6
86.8580E+0	220.0533E+0	61.5662E+0	4.1290E+0	-14.9106E+0	41.0946E-6
87.6065E+0	225.0433E+0	61.5327E+0	4.2296E+0	-14.5481E+0	41.7389E-6
88.3570E+0	230.0467E+0	62.9763E+0	4.2296E+0	-14.8894E+0	40.7995E-6
89.1085E+0	235.0567E+0	63.9833E+0	4.3639E+0	-14.6618E+0	41.2640E-6
89.8550E+0	240.0333E+0	62.4056E+0	4.2969E+0	-14.5234E+0	41.5890E-6
90.6070E+0	245.0467E+0	59.5520E+0	4.0617E+0	-14.6617E+0	41.0392E-6
91.3590E+0	250.0600E+0	55.6579E+0	4.0282E+0	-13.8171E+0	40.8976E-6
92.1080E+0	255.0533E+0	52.7375E+0	4.0617E+0	-12.9840E+0	42.0956E-6
92.8565E+0	260.0433E+0	52.0325E+0	4.1290E+0	-12.6017E+0	41.2075E-6
93.6075E+0	265.0500E+0	53.1068E+0	3.9947E+0	-13.2944E+0	41.8228E-6
94.3580E+0	270.0533E+0	54.5839E+0	4.0282E+0	-13.5504E+0	40.9662E-6
95.1040E+0	275.0267E+0	56.3629E+0	3.8603E+0	-14.6005E+0	41.6214E-6
95.8580E+0	280.0533E+0	55.2216E+0	3.8268E+0	-14.4302E+0	39.8243E-6
96.6085E+0	285.0567E+0	51.2269E+0	3.9612E+0	-12.9323E+0	39.9128E-6
97.3550E+0	290.0333E+0	47.3999E+0	4.0282E+0	-11.7670E+0	41.0297E-6
98.1090E+0	295.0600E+0	44.7480E+0	4.2631E+0	-10.4965E+0	41.2041E-6
98.8595E+0	300.0633E+0	44.8488E+0	4.0953E+0	-10.9514E+0	41.0648E-6
99.6075E+0	305.0500E+0	46.4600E+0	4.3639E+0	-10.6463E+0	40.0782E-6
69.6005E+0	105.0033E+0	110.2420E+0	4.0282E+0	-27.3676E+0	40.9209E-6
70.3585E+0	110.0567E+0	110.0410E+0	4.2296E+0	-26.0169E+0	41.0076E-6
71.1075E+0	115.0500E+0	111.0480E+0	3.9612E+0	-28.0343E+0	40.6758E-6
71.8555E+0	120.0367E+0	110.7120E+0	4.1961E+0	-26.3847E+0	40.6363E-6
72.6065E+0	125.0433E+0	108.2950E+0	4.2296E+0	-25.6041E+0	40.3695E-6
73.3580E+0	130.0533E+0	101.7490E+0	3.9612E+0	-25.6867E+0	41.1790E-6
74.1065E+0	135.0433E+0	97.9891E+0	3.9947E+0	-24.5299E+0	41.0289E-6
74.8545E+0	140.0300E+0	92.9537E+0	4.0953E+0	-22.6979E+0	40.3548E-6
75.6070E+0	145.0467E+0	91.2752E+0	3.8603E+0	-23.6444E+0	41.0998E-6
76.3580E+0	150.0533E+0	91.5439E+0	4.0282E+0	-22.7258E+0	41.8076E-6
77.1055E+0	155.0367E+0	92.2151E+0	4.1961E+0	-21.9765E+0	41.0190E-6
77.8565E+0	160.0433E+0	91.7453E+0	3.8939E+0	-23.5615E+0	41.4079E-6
78.6085E+0	165.0567E+0	89.2945E+0	4.0617E+0	-21.9844E+0	41.3491E-6
79.3560E+0	170.0400E+0	84.9976E+0	3.9947E+0	-21.2777E+0	41.6823E-6
80.1060E+0	175.0400E+0	78.3845E+0	4.0617E+0	-19.2983E+0	40.6569E-6
80.8590E+0	180.0600E+0	76.5047E+0	4.1625E+0	-18.3793E+0	40.2374E-6
81.6055E+0	185.0367E+0	76.4376E+0	3.8939E+0	-19.6303E+0	40.4192E-6
82.3565E+0	190.0433E+0	77.6125E+0	4.0282E+0	-19.2673E+0	40.7620E-6
83.1070E+0	195.0467E+0	78.2502E+0	4.0953E+0	-19.1075E+0	40.3943E-6
83.8570E+0	200.0467E+0	77.4781E+0	4.0953E+0	-18.9190E+0	40.0928E-6
84.6055E+0	205.0367E+0	74.0876E+0	3.9947E+0	-18.5466E+0	40.9808E-6
85.3555E+0	210.0367E+0	70.0930E+0	3.9947E+0	-17.5466E+0	41.0522E-6
86.1085E+0	215.0567E+0	66.6352E+0	3.8603E+0	-17.2615E+0	40.9124E-6
86.8575E+0	220.0500E+0	64.1176E+0	4.0617E+0	-15.7858E+0	40.1385E-6
87.6080E+0	225.0533E+0	64.3190E+0	4.0282E+0	-15.9672E+0	40.1281E-6
88.3580E+0	230.0533E+0	65.6617E+0	3.9276E+0	-16.7179E+0	39.4975E-6
89.1070E+0	235.0467E+0	67.4746E+0	4.0282E+0	-16.7506E+0	39.7761E-6
89.8575E+0	240.0500E+0	66.2659E+0	3.9947E+0	-16.5885E+0	39.2647E-6
90.6060E+0	245.0400E+0	62.9425E+0	3.8268E+0	-16.4478E+0	39.7684E-6
91.3590E+0	250.0600E+0	58.8135E+0	3.9276E+0	-14.9743E+0	40.3907E-6
92.1070E+0	255.0467E+0	56.1615E+0	3.9276E+0	-14.2991E+0	40.3764E-6
92.8575E+0	260.0500E+0	55.3895E+0	3.7260E+0	-14.8657E+0	41.1834E-6
93.6075E+0	265.0500E+0	54.2481E+0	4.0953E+0	-13.2466E+0	41.2678E-6
94.3590E+0	270.0600E+0	55.8931E+0	4.1961E+0	-13.3203E+0	40.9196E-6
95.1065E+0	275.0433E+0	56.4973E+0	4.0953E+0	-13.7958E+0	40.1366E-6
95.8580E+0	280.0533E+0	54.8523E+0	4.0953E+0	-13.3941E+0	41.1207E-6
96.6080E+0	285.0533E+0	51.1596E+0	3.9612E+0	-12.9153E+0	41.6428E-6
97.3580E+0	290.0533E+0	47.6686E+0	4.0617E+0	-11.7360E+0	41.4914E-6
98.1080E+0	295.0533E+0	45.0502E+0	4.0617E+0	-11.0914E+0	40.9520E-6
98.8580E+0	300.0533E+0	44.9158E+0	3.9276E+0	-11.4359E+0	40.8866E-6
99.6065E+0	305.0433E+0	46.4935E+0	4.0617E+0	-11.4467E+0	41.4930E-6
69.6005E+0	105.0033E+0	109.3020E+0	4.2969E+0	-25.4375E+0	42.6661E-6
70.3580E+0	110.0533E+0	109.0670E+0	4.2631E+0	-25.5838E+0	42.1976E-6
71.1065E+0	115.0433E+0	108.7990E+0	4.2631E+0	-25.5209E+0	41.1220E-6
71.8560E+0	120.0400E+0	107.4890E+0	4.3975E+0	-24.4434E+0	41.3655E-6
72.6065E+0	125.0433E+0	104.9380E+0	4.3304E+0	-24.2328E+0	41.0834E-6
73.3560E+0	130.0400E+0	100.9770E+0	4.2631E+0	-23.6861E+0	41.1577E-6
74.1085E+0	135.0567E+0	95.1693E+0	4.3639E+0	-21.8081E+0	41.2505E-6
74.8565E+0	140.0433E+0	91.1746E+0	4.3304E+0	-21.0544E+0	41.6689E-6
75.6065E+0	145.0433E+0	89.5967E+0	4.3639E+0	-20.5311E+0	41.9503E-6
76.3575E+0	150.0500E+0	89.4961E+0	4.2296E+0	-21.1595E+0	40.7496E-6
77.1055E+0	155.0367E+0	90.2682E+0	4.2631E+0	-21.1742E+0	41.7791E-6
77.8575E+0	160.0500E+0	89.5967E+0	4.2969E+0	-20.8515E+0	41.0114E-6
78.6095E+0	165.0633E+0	86.0719E+0	4.1290E+0	-20.8456E+0	41.0659E-6
79.3565E+0	170.0433E+0	81.5736E+0	4.1290E+0	-19.7562E+0	41.8576E-6
80.1055E+0	175.0367E+0	77.4446E+0	3.9947E+0	-19.3869E+0	41.2661E-6
80.8580E+0	180.0533E+0	75.1619E+0	4.0617E+0	-18.5049E+0	41.5891E-6
81.6050E+0	185.0333E+0	74.8262E+0	3.8939E+0	-19.2165E+0	41.6965E-6
82.3570E+0	190.0467E+0	76.8069E+0	3.9612E+0	-19.3901E+0	42.7022E-6
83.1065E+0	195.0433E+0	77.4446E+0	3.9276E+0	-19.7179E+0	42.1264E-6
83.8560E+0	200.0400E+0	76.5047E+0	3.9276E+0	-19.4786E+0	40.9704E-6
84.6060E+0	205.0400E+0	71.7714E+0	3.8939E+0	-18.4319E+0	41.3535E-6
85.3560E+0	210.0400E+0	69.1530E+0	4.0282E+0	-17.1672E+0	42.4635E-6
86.1085E+0	215.0567E+0	65.3595E+0	3.8603E+0	-16.9311E+0	41.2418E-6
86.8590E+0	220.0600E+0	63.1439E+0	4.0617E+0	-15.5461E+0	42.3882E-6
87.6080E+0	225.0533E+0	63.6140E+0	3.9612E+0	-16.0595E+0	42.0741E-6
88.3590E+0	230.0600E+0	65.3595E+0	3.8939E+0	-16.7853E+0	41.7443E-6
89.1065E+0	235.0433E+0	66.1989E+0	4.0617E+0	-16.2982E+0	41.8149E-6
89.8560E+0	240.0400E+0	64.9567E+0	3.9947E+0	-16.2608E+0	41.7112E-6
90.6060E+0	245.0400E+0	59.3171E+0	4.0282E+0	-14.7255E+0	41.6957E-6
91.3590E+0	250.0600E+0	57.3364E+0	3.9612E+0	-14.4747E+0	41.7645E-6
92.1080E+0	255.0533E+0	54.9194E+0	3.8939E+0	-14.1041E+0	41.7471E-6
92.8570E+0	260.0467E+0	54.2481E+0	3.8939E+0	-13.9317E+0	42.2880E-6
93.6085E+0	265.0567E+0	55.4565E+0	4.0953E+0	-13.5416E+0	41.8526E-6
94.3590E+0	270.0600E+0	56.9671E+0	3.9276E+0	-14.5042E+0	41.6913E-6
95.1050E+0	275.0333E+0	57.6386E+0	3.8268E+0	-15.0618E+0	41.9561E-6
95.8575E+0	280.0500E+0	55.4903E+0	3.9276E+0	-14.1282E+0	41.8605E-6
96.6065E+0	285.0433E+0	52.5026E+0	3.9612E+0	-13.2544E+0	42.4853E-6
97.3570E+0	290.0467E+0	48.6420E+0	3.9276E+0	-12.3846E+0	43.3488E-6
98.1080E+0	295.0533E+0	46.0236E+0	3.9612E+0	-11.6187E+0	42.3816E-6
98.8555E+0	300.0367E+0	45.9228E+0	3.8268E+0	-12.0003E+0	42.8038E-6
99.6075E+0	305.0500E+0	47.5678E+0	3.9276E+0	-12.1111E+0	42.4362E-6
69.6005E+0	105.0033E+0	112.8940E+0	3.6254E+0	-31.1397E+0	41.0491E-6
70.3575E+0	110.0500E+0	112.7930E+0	3.7260E+0	-30.2720E+0	41.7564E-6
71.1075E+0	115.0500E+0	112.7930E+0	3.8268E+0	-29.4745E+0	41.8288E-6
71.8575E+0	120.0500E+0	111.9540E+0	3.7597E+0	-29.7770E+0	41.0493E-6
72.6045E+0	125.0300E+0	108.8320E+0	3.7597E+0	-28.9466E+0	41.4686E-6
73.3580E+0	130.0533E+0	103.7630E+0	3.8939E+0	-26.6479E+0	41.3156E-6
74.1065E+0	135.0433E+0	97.9891E+0	3.7933E+0	-25.8323E+0	41.1937E-6
74.8550E+0	140.0333E+0	92.2822E+0	3.7933E+0	-24.3278E+0	41.3468E-6
75.6060E+0	145.0400E+0	90.7716E+0	3.8603E+0	-23.5139E+0	40.8861E-6
76.3585E+0	150.0567E+0	91.1746E+0	3.9947E+0	-22.8240E+0	42.4209E-6
77.1060E+0	155.0400E+0	91.9802E+0	4.0617E+0	-22.6456E+0	40.7508E-6
77.8560E+0	160.0400E+0	91.3760E+0	3.9612E+0	-23.0680E+0	41.9433E-6
78.6075E+0	165.0500E+0	88.6903E+0	3.9276E+0	-22.5812E+0	41.3880E-6
79.3575E+0	170.0500E+0	83.9906E+0	3.8268E+0	-21.9480E+0	41.1655E-6
80.1065E+0	175.0433E+0	80.3315E+0	3.9276E+0	-20.4530E+0	41.2413E-6
80.8575E+0	180.0500E+0	77.2432E+0	3.7597E+0	-20.5448E+0	43.0656E-6
81.6060E+0	185.0400E+0	76.9075E+0	3.9612E+0	-19.4154E+0	41.7433E-6
82.3570E+0	190.0467E+0	77.1761E+0	4.0617E+0	-19.0008E+0	41.5132E-6
83.1070E+0	195.0467E+0	78.0153E+0	4.0282E+0	-19.3673E+0	41.7818E-6
83.8575E+0	200.0500E+0	76.1689E+0	4.0617E+0	-18.7528E+0	41.8951E-6
84.6050E+0	205.0333E+0	73.3491E+0	3.9612E+0	-18.5171E+0	41.3306E-6
85.3565E+0	210.0433E+0	69.1193E+0	4.0617E+0	-17.0172E+0	40.7541E-6
86.1085E+0	215.0567E+0	64.6210E+0	3.8603E+0	-16.7398E+0	41.6727E-6
86.8590E+0	220.0600E+0	63.3118E+0	3.9612E+0	-15.9832E+0	40.2878E-6
87.6085E+0	225.0567E+0	63.7148E+0	3.8939E+0	-16.3629E+0	41.6897E-6
88.3590E+0	230.0600E+0	65.2254E+0	3.8603E+0	-16.8963E+0	41.4821E-6
89.1060E+0	235.0400E+0	65.7625E+0	3.9612E+0	-16.6019E+0	41.2006E-6
89.8570E+0	240.0467E+0	64.6547E+0	3.8939E+0	-16.6043E+0	41.0325E-6
90.6070E+0	245.0467E+0	61.2640E+0	3.8939E+0	-15.7335E+0	40.3095E-6
91.3595E+0	250.0633E+0	56.5979E+0	3.8268E+0	-14.7899E+0	41.0802E-6
92.1065E+0	255.0433E+0	53.9124E+0	3.7597E+0	-14.3394E+0	41.0002E-6
92.8585E+0	260.0567E+0	53.0060E+0	3.8268E+0	-13.8513E+0	40.1903E-6
93.6080E+0	265.0533E+0	54.0132E+0	3.8939E+0	-13.8714E+0	41.2212E-6
94.3575E+0	270.0500E+0	55.7587E+0	3.9947E+0	-13.9582E+0	41.1554E-6
95.1050E+0	275.0333E+0	56.2959E+0	3.9612E+0	-14.2120E+0	40.9513E-6
95.8580E+0	280.0533E+0	55.0873E+0	3.8268E+0	-14.3951E+0	41.6410E-6
96.6080E+0	285.0533E+0	52.0661E+0	3.5919E+0	-14.4955E+0	42.0027E-6
97.3555E+0	290.0367E+0	48.5750E+0	3.8939E+0	-12.4748E+0	39.2935E-6
98.1080E+0	295.0533E+0	46.5272E+0	3.8268E+0	-12.1583E+0	39.7675E-6
98.8570E+0	300.0467E+0	45.4530E+0	3.8939E+0	-11.6730E+0	40.5167E-6
99.6085E+0	305.0567E+0	47.1314E+0	3.7597E+0	-12.5358E+0	40.1948E-6
69.6005E+0	105.0033E+0	109.2350E+0	4.0282E+0	-27.1176E+0	40.7434E-6
70.3575E+0	110.0500E+0	109.2010E+0	3.8939E+0	-28.0444E+0	40.7774E-6
71.1075E+0	115.0500E+0	109.8050E+0	3.8603E+0	-28.4445E+0	40.5576E-6
71.8565E+0	120.0433E+0	109.1680E+0	4.0617E+0	-26.8772E+0	40.7410E-6
72.6075E+0	125.0500E+0	107.1200E+0	3.9612E+0	-27.0427E+0	40.6206E-6
73.3585E+0	130.0567E+0	101.1450E+0	3.9612E+0	-25.5343E+0	40.9040E-6
74.1055E+0	135.0367E+0	95.7064E+0	3.9947E+0	-23.9585E+0	41.2136E-6
74.8570E+0	140.0467E+0	92.2151E+0	3.9276E+0	-23.4786E+0	41.1610E-6
75.6065E+0	145.0433E+0	90.7381E+0	3.9276E+0	-23.1026E+0	40.4214E-6
76.3585E+0	150.0567E+0	91.0738E+0	3.9947E+0	-22.7988E+0	41.0811E-6
77.1060E+0	155.0400E+0	91.6109E+0	3.9276E+0	-23.3248E+0	40.7553E-6
77.8565E+0	160.0433E+0	91.0403E+0	4.0282E+0	-22.6007E+0	39.8526E-6
78.6085E+0	165.0567E+0	88.2875E+0	3.9947E+0	-22.1013E+0	39.9398E-6
79.3565E+0	170.0433E+0	83.9236E+0	3.9612E+0	-21.1867E+0	40.0300E-6
80.1055E+0	175.0367E+0	78.0488E+0	3.8939E+0	-20.0441E+0	39.9793E-6
80.8580E+0	180.0533E+0	74.7591E+0	3.8939E+0	-19.1992E+0	40.5953E-6
81.6060E+0	185.0400E+0	74.4234E+0	4.1290E+0	-18.0245E+0	41.0685E-6
82.3570E+0	190.0467E+0	75.7326E+0	4.1625E+0	-18.1938E+0	40.6146E-6
83.1070E+0	195.0467E+0	76.3703E+0	4.2631E+0	-17.9141E+0	41.1391E-6
83.8565E+0	200.0433E+0	75.7326E+0	4.1290E+0	-18.3415E+0	40.5771E-6
84.6065E+0	205.0433E+0	72.7114E+0	4.0953E+0	-17.7550E+0	41.5430E-6
85.3555E+0	210.0367E+0	68.8508E+0	3.8268E+0	-17.9917E+0	40.9792E-6
86.1090E+0	215.0600E+0	65.1246E+0	3.8603E+0	-16.8702E+0	40.9178E-6
86.8590E+0	220.0600E+0	63.2782E+0	3.9612E+0	-15.9747E+0	41.3617E-6
87.6080E+0	225.0533E+0	63.6810E+0	3.9612E+0	-16.0764E+0	41.0067E-6
88.3585E+0	230.0567E+0	65.2589E+0	4.0282E+0	-16.2005E+0	41.1475E-6
89.1080E+0	235.0533E+0	65.9639E+0	3.9276E+0	-16.7949E+0	40.7405E-6
89.8575E+0	240.0500E+0	64.6210E+0	4.0282E+0	-16.0422E+0	41.4462E-6
90.6065E+0	245.0433E+0	61.6333E+0	3.8603E+0	-15.9658E+0	40.9604E-6
91.3590E+0	250.0600E+0	56.1280E+0	3.9947E+0	-14.0507E+0	40.6929E-6
92.1075E+0	255.0500E+0	53.9124E+0	4.0617E+0	-13.2733E+0	40.8771E-6
92.8565E+0	260.0433E+0	52.8719E+0	3.8939E+0	-13.5783E+0	41.0408E-6
93.6095E+0	265.0633E+0	54.6174E+0	3.9276E+0	-13.9060E+0	40.2515E-6
94.3570E+0	270.0467E+0	55.7923E+0	3.8603E+0	-14.4527E+0	40.4308E-6
95.1055E+0	275.0367E+0	56.3629E+0	3.9612E+0	-14.2289E+0	40.5364E-6
95.8580E+0	280.0533E+0	53.4761E+0	3.8603E+0	-13.8527E+0	40.8017E-6
96.6075E+0	285.0500E+0	51.0591E+0	4.0282E+0	-12.6754E+0	40.7833E-6
97.3570E+0	290.0467E+0	47.4672E+0	3.8268E+0	-12.4039E+0	40.6720E-6
98.1080E+0	295.0533E+0	45.3857E+0	3.9276E+0	-11.5555E+0	40.6804E-6
98.8590E+0	300.0600E+0	45.2516E+0	4.0282E+0	-11.2337E+0	40.7637E-6
99.6075E+0	305.0500E+0	46.8965E+0	4.1290E+0	-11.3578E+0	40.7934E-6
69.6005E+0	105.0033E+0	109.5370E+0	4.0953E+0	-26.7473E+0	40.8013E-6
70.3575E+0	110.0500E+0	109.2350E+0	3.9612E+0	-27.5766E+0	40.6802E-6
71.1065E+0	115.0433E+0	109.0000E+0	3.9947E+0	-27.2863E+0	41.3271E-6
71.8575E+0	120.0500E+0	108.2280E+0	4.0617E+0	-26.6458E+0	41.1364E-6
72.6075E+0	125.0500E+0	106.5830E+0	3.8603E+0	-27.6098E+0	42.0041E-6
73.3570E+0	130.0467E+0	101.2450E+0	3.8603E+0	-26.2270E+0	42.2237E-6
74.1065E+0	135.0433E+0	96.3777E+0	3.8939E+0	-24.7512E+0	41.3371E-6
74.8565E+0	140.0433E+0	92.6515E+0	3.8603E+0	-24.0009E+0	41.0679E-6
75.6060E+0	145.0400E+0	91.0403E+0	3.8939E+0	-23.3805E+0	40.8037E-6
76.3560E+0	150.0400E+0	91.3760E+0	3.9947E+0	-22.8744E+0	41.3777E-6
77.1055E+0	155.0367E+0	91.5439E+0	3.9276E+0	-23.3077E+0	40.4269E-6
77.8565E+0	160.0433E+0	90.8389E+0	3.8268E+0	-23.7376E+0	40.1905E-6
78.6090E+0	165.0600E+0	88.0861E+0	3.8603E+0	-22.8183E+0	42.3472E-6
79.3570E+0	170.0467E+0	84.3934E+0	3.9947E+0	-21.1264E+0	41.6159E-6
80.1060E+0	175.0400E+0	78.6532E+0	4.0617E+0	-19.3645E+0	41.0414E-6
80.8595E+0	180.0633E+0	75.6318E+0	4.1290E+0	-18.3171E+0	41.5441E-6
81.6050E+0	185.0333E+0	75.0276E+0	3.8939E+0	-19.2682E+0	40.4481E-6
82.3580E+0	190.0533E+0	75.7661E+0	3.8939E+0	-19.4578E+0	40.5095E-6
83.1080E+0	195.0533E+0	76.6055E+0	4.0282E+0	-19.0173E+0	40.8819E-6
83.8565E+0	200.0433E+0	75.4639E+0	4.0617E+0	-18.5793E+0	42.3625E-6
84.6060E+0	205.0400E+0	72.5770E+0	3.8603E+0	-18.8007E+0	41.1953E-6
85.3570E+0	210.0467E+0	68.5151E+0	3.7933E+0	-18.0622E+0	42.3251E-6
86.1090E+0	215.0600E+0	64.1847E+0	4.0953E+0	-15.6729E+0	41.9187E-6
86.8585E+0	220.0567E+0	62.7076E+0	3.9612E+0	-15.8307E+0	41.8662E-6
87.6080E+0	225.0533E+0	62.6741E+0	3.9612E+0	-15.8222E+0	42.2018E-6
88.3575E+0	230.0500E+0	64.9567E+0	4.0953E+0	-15.8614E+0	42.7380E-6
89.1075E+0	235.0500E+0	65.6617E+0	3.9612E+0	-16.5764E+0	41.1015E-6
89.8560E+0	240.0400E+0	64.5875E+0	3.8939E+0	-16.5870E+0	40.4084E-6
90.6060E+0	245.0400E+0	61.2305E+0	3.7597E+0	-16.2858E+0	40.9326E-6
91.3580E+0	250.0533E+0	57.2023E+0	3.8939E+0	-14.6904E+0	40.7213E-6
92.1085E+0	255.0567E+0	54.4160E+0	3.7260E+0	-14.6044E+0	41.5019E-6
92.8580E+0	260.0533E+0	53.5767E+0	3.9947E+0	-13.4120E+0	40.9437E-6
93.6090E+0	265.0600E+0	54.4160E+0	3.9276E+0	-13.8547E+0	41.3837E-6
94.3590E+0	270.0600E+0	56.0945E+0	3.9612E+0	-14.1612E+0	41.5768E-6
95.1045E+0	275.0300E+0	56.5979E+0	3.8268E+0	-14.7899E+0	41.6925E-6
95.8575E+0	280.0500E+0	55.1210E+0	3.9276E+0	-14.0342E+0	41.9884E-6
96.6075E+0	285.0500E+0	51.4954E+0	3.8268E+0	-13.4565E+0	41.4738E-6
97.3565E+0	290.0433E+0	47.6348E+0	3.8268E+0	-12.4477E+0	41.0301E-6
98.1090E+0	295.0600E+0	45.0164E+0	3.9947E+0	-11.2691E+0	41.9794E-6
98.8590E+0	300.0600E+0	44.9158E+0	3.9612E+0	-11.3391E+0	41.5315E-6
99.6075E+0	305.0500E+0	46.1915E+0	3.8603E+0	-11.9657E+0	41.9329E-6
69.6005E+0	105.0033E+0	111.1150E+0	4.0282E+0	-27.5843E+0	41.0274E-6
70.3570E+0	110.0467E+0	111.4840E+0	3.9612E+0	-28.1444E+0	41.3063E-6
71.1065E+0	115.0433E+0	111.9540E+0	3.8939E+0	-28.7514E+0	41.2244E-6
71.8575E+0	120.0500E+0	110.3760E+0	4.1290E+0	-26.7318E+0	41.5072E-6
72.6050E+0	125.0333E+0	108.0600E+0	4.0282E+0	-26.8259E+0	41.5713E-6
73.3575E+0	130.0500E+0	102.0180E+0	3.7933E+0	-26.8944E+0	40.4774E-6
74.1070E+0	135.0467E+0	98.0226E+0	4.0953E+0	-23.9356E+0	41.5048E-6
74.8565E+0	140.0433E+0	94.4308E+0	4.0282E+0	-23.4424E+0	40.6259E-6
75.6060E+0	145.0400E+0	93.0545E+0	3.8268E+0	-24.3165E+0	40.9685E-6
76.3585E+0	150.0567E+0	93.0545E+0	3.9612E+0	-23.4918E+0	41.2390E-6
77.1070E+0	155.0467E+0	93.7930E+0	3.9612E+0	-23.6782E+0	42.2630E-6
77.8560E+0	160.0400E+0	92.3160E+0	3.8268E+0	-24.1235E+0	42.1676E-6
78.6080E+0	165.0533E+0	89.5967E+0	3.9947E+0	-22.4290E+0	41.1624E-6
79.3565E+0	170.0433E+0	85.1655E+0	3.7933E+0	-22.4517E+0	41.5609E-6
80.1070E+0	175.0467E+0	79.5259E+0	3.8603E+0	-20.6008E+0	42.0483E-6
80.8590E+0	180.0600E+0	77.5454E+0	3.9276E+0	-19.7436E+0	43.1355E-6
81.6050E+0	185.0333E+0	77.4446E+0	3.9612E+0	-19.5510E+0	41.3224E-6
82.3565E+0	190.0433E+0	78.5189E+0	3.9276E+0	-19.9915E+0	41.9218E-6
83.1070E+0	195.0467E+0	79.1566E+0	3.9947E+0	-19.8155E+0	41.1312E-6
83.8555E+0	200.0367E+0	78.0153E+0	3.8603E+0	-20.2095E+0	41.0281E-6
84.6075E+0	205.0500E+0	74.0541E+0	3.9612E+0	-18.6951E+0	42.3193E-6
85.3550E+0	210.0333E+0	70.3949E+0	3.8939E+0	-18.0784E+0	41.2377E-6
86.1080E+0	215.0533E+0	67.0045E+0	3.9276E+0	-17.0598E+0	41.5235E-6
86.8585E+0	220.0567E+0	64.5875E+0	3.8603E+0	-16.7311E+0	42.6054E-6
87.6070E+0	225.0467E+0	64.6883E+0	3.8268E+0	-16.9040E+0	42.2510E-6
88.3575E+0	230.0500E+0	66.0981E+0	3.9947E+0	-16.5465E+0	41.5242E-6
89.1095E+0	235.0633E+0	66.0645E+0	3.9947E+0	-16.5381E+0	42.2977E-6
89.8560E+0	240.0400E+0	64.3525E+0	4.0617E+0	-15.8436E+0	41.8830E-6
90.6065E+0	245.0433E+0	61.1970E+0	4.0953E+0	-14.9434E+0	41.7340E-6
91.3585E+0	250.0567E+0	56.3629E+0	3.9612E+0	-14.2289E+0	41.4288E-6
92.1070E+0	255.0467E+0	54.3152E+0	4.3304E+0	-12.5427E+0	41.2497E-6
92.8560E+0	260.0400E+0	54.0467E+0	4.0617E+0	-13.3063E+0	42.2445E-6
93.6080E+0	265.0533E+0	55.4903E+0	3.8939E+0	-14.2507E+0	40.9800E-6
94.3590E+0	270.0600E+0	56.4638E+0	4.1625E+0	-13.5647E+0	41.5638E-6
95.1040E+0	275.0267E+0	56.5308E+0	4.0617E+0	-13.9179E+0	41.8810E-6
95.8585E+0	280.0567E+0	55.5909E+0	4.0282E+0	-13.8004E+0	41.1527E-6
96.6080E+0	285.0533E+0	51.8982E+0	3.8603E+0	-13.4440E+0	41.8979E-6
97.3555E+0	290.0367E+0	47.7692E+0	4.0282E+0	-11.8587E+0	42.0614E-6
98.1080E+0	295.0533E+0	44.6471E+0	4.0953E+0	-10.9021E+0	41.7891E-6
98.8575E+0	300.0500E+0	44.8823E+0	4.1625E+0	-10.7824E+0	41.6042E-6
99.6075E+0	305.0500E+0	46.5608E+0	4.0953E+0	-11.3694E+0	41.3404E-6
69.6005E+0	105.0033E+0	112.1550E+0	4.0282E+0	-27.8425E+0	41.7487E-6
70.3565E+0	110.0433E+0	111.7190E+0	4.1290E+0	-27.0570E+0	42.8515E-6
71.1075E+0	115.0500E+0	111.9210E+0	4.0282E+0	-27.7844E+0	42.8335E-6
71.8550E+0	120.0333E+0	111.4500E+0	3.8268E+0	-29.1235E+0	42.2410E-6
72.6080E+0	125.0533E+0	108.0930E+0	3.8268E+0	-28.2463E+0	41.4710E-6
73.3575E+0	130.0500E+0	103.0580E+0	4.0617E+0	-25.3729E+0	41.6551E-6
74.1090E+0	135.0600E+0	99.9025E+0	4.1290E+0	-24.1952E+0	41.9811E-6
74.8560E+0	140.0400E+0	94.6992E+0	4.0282E+0	-23.5091E+0	42.0060E-6
75.6060E+0	145.0400E+0	92.4838E+0	4.0617E+0	-22.7696E+0	41.2163E-6
76.3605E+0	150.0700E+0	92.0137E+0	4.0953E+0	-22.4683E+0	41.4327E-6
77.1065E+0	155.0433E+0	92.9201E+0	4.0953E+0	-22.6897E+0	41.4858E-6
77.8560E+0	160.0400E+0	91.7788E+0	4.1290E+0	-22.2277E+0	41.1245E-6
78.6075E+0	165.0500E+0	88.6568E+0	3.9947E+0	-22.1937E+0	40.5793E-6
79.3575E+0	170.0500E+0	83.6549E+0	3.9612E+0	-21.1188E+0	40.6664E-6
80.1070E+0	175.0467E+0	79.3915E+0	3.8603E+0	-20.5660E+0	40.5593E-6
80.8575E+0	180.0500E+0	76.7731E+0	4.0617E+0	-18.9016E+0	41.1294E-6
81.6060E+0	185.0400E+0	75.5312E+0	3.9612E+0	-19.0680E+0	41.5174E-6
82.3580E+0	190.0533E+0	76.9075E+0	4.0953E+0	-18.7796E+0	40.6501E-6
83.1070E+0	195.0467E+0	78.5859E+0	4.0953E+0	-19.1895E+0	40.1532E-6
83.8565E+0	200.0433E+0	78.5524E+0	4.0617E+0	-19.3396E+0	40.8568E-6
84.6065E+0	205.0433E+0	75.7996E+0	3.8268E+0	-19.8076E+0	40.6312E-6
85.3560E+0	210.0400E+0	71.8385E+0	3.6925E+0	-19.4555E+0	40.4983E-6
86.1080E+0	215.0533E+0	67.6424E+0	3.8268E+0	-17.6760E+0	40.5961E-6
86.8585E+0	220.0567E+0	65.0575E+0	3.8939E+0	-16.7077E+0	40.2549E-6
87.6080E+0	225.0533E+0	64.4196E+0	3.8603E+0	-16.6876E+0	39.7961E-6
88.3570E+0	230.0467E+0	65.8631E+0	3.7933E+0	-17.3631E+0	40.9941E-6
89.1075E+0	235.0500E+0	67.1723E+0	3.9612E+0	-16.9578E+0	40.0095E-6
89.8570E+0	240.0467E+0	65.8296E+0	3.8603E+0	-17.0528E+0	41.1714E-6
90.6070E+0	245.0467E+0	62.8084E+0	3.8268E+0	-16.4128E+0	40.6716E-6
91.3585E+0	250.0567E+0	59.0149E+0	3.7933E+0	-15.5577E+0	40.7875E-6
92.1085E+0	255.0567E+0	56.2286E+0	3.8603E+0	-14.5657E+0	40.8672E-6
92.8560E+0	260.0400E+0	55.4230E+0	3.8939E+0	-14.2334E+0	40.7792E-6
93.6085E+0	265.0567E+0	56.3294E+0	3.7933E+0	-14.8498E+0	40.5035E-6
94.3575E+0	270.0500E+0	57.0344E+0	3.8603E+0	-14.7745E+0	40.1893E-6
95.1055E+0	275.0367E+0	57.4037E+0	4.0617E+0	-14.1328E+0	39.7574E-6
95.8580E+0	280.0533E+0	55.8931E+0	3.7597E+0	-14.8662E+0	39.8273E-6
96.6065E+0	285.0433E+0	52.6367E+0	3.7933E+0	-13.8763E+0	40.3597E-6
97.3545E+0	290.0300E+0	49.4476E+0	3.6925E+0	-13.3915E+0	39.7040E-6
98.1085E+0	295.0567E+0	44.8823E+0	4.0617E+0	-11.0500E+0	41.0736E-6
98.8570E+0	300.0467E+0	44.5466E+0	4.1290E+0	-10.7887E+0	41.7438E-6
99.6080E+0	305.0533E+0	46.8292E+0	4.0282E+0	-11.6253E+0	41.0744E-6
69.6005E+0	105.0033E+0	110.4770E+0	3.9947E+0	-27.6560E+0	41.2441E-6
70.3585E+0	110.0567E+0	110.5780E+0	3.8939E+0	-28.3980E+0	41.2540E-6
71.1055E+0	115.0367E+0	110.4100E+0	4.0617E+0	-27.1830E+0	40.8219E-6
71.8565E+0	120.0433E+0	109.5710E+0	4.0282E+0	-27.2010E+0	41.3285E-6
72.6080E+0	125.0533E+0	105.9790E+0	4.2296E+0	-25.0565E+0	40.7433E-6
73.3570E+0	130.0467E+0	101.4800E+0	4.0617E+0	-24.9844E+0	40.8999E-6
74.1070E+0	135.0467E+0	96.3442E+0	4.0953E+0	-23.5258E+0	40.7039E-6
74.8560E+0	140.0400E+0	91.9467E+0	4.0953E+0	-22.4520E+0	40.4810E-6
75.6065E+0	145.0433E+0	90.5031E+0	4.0617E+0	-22.2819E+0	40.0565E-6
76.3605E+0	150.0700E+0	90.6375E+0	4.0282E+0	-22.5007E+0	39.7451E-6
77.1065E+0	155.0433E+0	91.6445E+0	4.0282E+0	-22.7507E+0	40.2205E-6
77.8555E+0	160.0367E+0	91.0403E+0	4.0282E+0	-22.6007E+0	40.2650E-6
78.6090E+0	165.0600E+0	89.0931E+0	3.9276E+0	-22.6837E+0	40.5600E-6
79.3560E+0	170.0400E+0	85.3669E+0	3.6925E+0	-23.1192E+0	41.4732E-6
80.1065E+0	175.0433E+0	80.7680E+0	3.7260E+0	-21.6769E+0	41.2531E-6
80.8585E+0	180.0567E+0	78.0488E+0	3.7260E+0	-20.9471E+0	41.6028E-6
81.6055E+0	185.0367E+0	77.2432E+0	3.9612E+0	-19.5002E+0	42.0422E-6
82.3565E+0	190.0433E+0	77.5454E+0	3.9276E+0	-19.7436E+0	42.0659E-6
83.1070E+0	195.0467E+0	77.0418E+0	3.9947E+0	-19.2861E+0	41.3442E-6
83.8560E+0	200.0400E+0	75.6991E+0	4.1290E+0	-18.3334E+0	40.4212E-6
84.6065E+0	205.0433E+0	72.6106E+0	4.0953E+0	-17.7304E+0	41.3516E-6
85.3550E+0	210.0333E+0	69.1530E+0	4.0282E+0	-17.1672E+0	42.0439E-6
86.1095E+0	215.0633E+0	64.3525E+0	4.0953E+0	-15.7139E+0	41.7024E-6
86.8585E+0	220.0567E+0	62.5062E+0	4.1290E+0	-15.1383E+0	41.2963E-6
87.6070E+0	225.0467E+0	63.0768E+0	3.8939E+0	-16.1990E+0	40.4040E-6
88.3590E+0	230.0600E+0	65.1581E+0	4.0953E+0	-15.9106E+0	40.0973E-6
89.1060E+0	235.0400E+0	66.1653E+0	3.9947E+0	-16.5634E+0	39.8849E-6
89.8555E+0	240.0367E+0	65.0575E+0	3.9276E+0	-16.5641E+0	39.7182E-6
90.6065E+0	245.0433E+0	62.1034E+0	3.9276E+0	-15.8120E+0	40.4976E-6
91.3595E+0	250.0633E+0	58.3436E+0	3.9276E+0	-14.8547E+0	40.2886E-6
92.1075E+0	255.0500E+0	55.1881E+0	3.8939E+0	-14.1731E+0	40.4381E-6
92.8575E+0	260.0500E+0	54.6174E+0	3.7933E+0	-14.3985E+0	40.2024E-6
93.6085E+0	265.0567E+0	55.7252E+0	4.0282E+0	-13.8338E+0	40.6617E-6
94.3585E+0	270.0567E+0	57.5043E+0	3.8939E+0	-14.7679E+0	40.6998E-6
95.1045E+0	275.0300E+0	57.7394E+0	3.9612E+0	-14.5764E+0	41.3425E-6
95.8580E+0	280.0533E+0	55.6579E+0	3.9612E+0	-14.0509E+0	40.1695E-6
96.6055E+0	285.0367E+0	52.1669E+0	3.8939E+0	-13.3972E+0	41.0194E-6
97.3550E+0	290.0333E+0	47.4672E+0	3.9612E+0	-11.9832E+0	40.2249E-6
98.1080E+0	295.0533E+0	45.3186E+0	3.9276E+0	-11.5384E+0	40.7127E-6
98.8580E+0	300.0533E+0	45.6208E+0	3.9276E+0	-11.6154E+0	41.5871E-6
99.6075E+0	305.0500E+0	48.0714E+0	3.9947E+0	-12.0339E+0	41.1801E-6
69.6005E+0	105.0033E+0	111.2160E+0	3.9947E+0	-27.8410E+0	40.1826E-6
70.3580E+0	110.0533E+0	110.8130E+0	4.0953E+0	-27.0588E+0	40.0572E-6
71.1075E+0	115.0500E+0	110.8460E+0	4.0282E+0	-27.5175E+0	40.2894E-6
71.8570E+0	120.0467E+0	110.5780E+0	3.8939E+0	-28.3980E+0	39.7703E-6
72.6065E+0	125.0433E+0	107.2210E+0	3.9947E+0	-26.8409E+0	40.0065E-6
73.3575E+0	130.0500E+0	102.2860E+0	3.7933E+0	-26.9651E+0	40.5491E-6
74.1070E+0	135.0467E+0	97.6198E+0	3.9947E+0	-24.4375E+0	40.6400E-6
74.8570E+0	140.0467E+0	93.1215E+0	3.9276E+0	-23.7094E+0	41.0484E-6
75.6060E+0	145.0400E+0	91.9129E+0	3.9612E+0	-23.2036E+0	40.5787E-6
76.3575E+0	150.0500E+0	92.3495E+0	3.8268E+0	-24.1323E+0	39.7319E-6
77.1065E+0	155.0433E+0	92.9201E+0	4.0617E+0	-22.8770E+0	40.6847E-6
77.8560E+0	160.0400E+0	91.8459E+0	4.0282E+0	-22.8007E+0	40.5956E-6
78.6085E+0	165.0567E+0	88.7238E+0	4.0617E+0	-21.8438E+0	41.2809E-6
79.3560E+0	170.0400E+0	84.9641E+0	4.0282E+0	-21.0923E+0	40.6582E-6
80.1060E+0	175.0400E+0	79.0223E+0	3.8939E+0	-20.2941E+0	40.7393E-6
80.8585E+0	180.0567E+0	76.7731E+0	3.8268E+0	-20.0620E+0	40.8755E-6
81.6060E+0	185.0400E+0	76.9747E+0	3.9276E+0	-19.5983E+0	41.5586E-6
82.3575E+0	190.0500E+0	77.8474E+0	3.7260E+0	-20.8931E+0	41.2575E-6
83.1070E+0	195.0467E+0	78.8209E+0	3.7597E+0	-20.9644E+0	41.1806E-6
83.8580E+0	200.0533E+0	77.8474E+0	3.8603E+0	-20.1660E+0	41.8437E-6
84.6065E+0	205.0433E+0	74.0206E+0	3.9276E+0	-18.8462E+0	41.0536E-6
85.3580E+0	210.0533E+0	70.0257E+0	3.8268E+0	-18.2988E+0	40.5907E-6
86.1080E+0	215.0533E+0	66.5681E+0	3.9276E+0	-16.9487E+0	41.5070E-6
86.8590E+0	220.0600E+0	64.4869E+0	3.9276E+0	-16.4188E+0	40.9450E-6
87.6090E+0	225.0600E+0	64.3190E+0	3.9947E+0	-16.1012E+0	41.3330E-6
88.3570E+0	230.0467E+0	64.9567E+0	4.0953E+0	-15.8614E+0	40.7936E-6
89.1070E+0	235.0467E+0	65.4268E+0	4.1290E+0	-15.8456E+0	40.5687E-6
89.8555E+0	240.0367E+0	63.9833E+0	3.9947E+0	-16.0171E+0	40.2235E-6
90.6065E+0	245.0433E+0	59.4179E+0	3.9276E+0	-15.1282E+0	41.3684E-6
91.3580E+0	250.0533E+0	57.3029E+0	3.8268E+0	-14.9741E+0	41.5797E-6
92.1085E+0	255.0567E+0	54.5501E+0	3.9947E+0	-13.6557E+0	41.4855E-6
92.8565E+0	260.0433E+0	53.3082E+0	3.8603E+0	-13.8092E+0	40.8912E-6
93.6090E+0	265.0600E+0	54.1811E+0	4.0617E+0	-13.3394E+0	41.0308E-6
94.3560E+0	270.0400E+0	55.9601E+0	4.0617E+0	-13.7774E+0	41.3486E-6
95.1050E+0	275.0333E+0	56.3629E+0	3.9276E+0	-14.3504E+0	40.7877E-6
95.8575E+0	280.0500E+0	55.1210E+0	3.8939E+0	-14.1559E+0	41.1906E-6
96.6075E+0	285.0500E+0	52.0996E+0	3.9276E+0	-13.2649E+0	41.3802E-6
97.3560E+0	290.0400E+0	48.2728E+0	3.6925E+0	-13.0733E+0	39.7975E-6
98.1085E+0	295.0567E+0	46.5272E+0	3.7260E+0	-12.4872E+0	39.5701E-6
98.8575E+0	300.0500E+0	46.2250E+0	3.7260E+0	-12.4061E+0	40.7939E-6
99.6070E+0	305.0467E+0	48.5412E+0	3.8268E+0	-12.6845E+0	40.5593E-6
69.6005E+0	105.0033E+0	111.1820E+0	3.8939E+0	-28.5532E+0	40.9035E-6
70.3560E+0	110.0400E+0	112.0210E+0	3.8603E+0	-29.0185E+0	39.9887E-6
71.1080E+0	115.0533E+0	112.2230E+0	3.8939E+0	-28.8205E+0	39.3952E-6
71.8575E+0	120.0500E+0	111.5510E+0	3.9276E+0	-28.4017E+0	39.6681E-6
72.6060E+0	125.0400E+0	107.3550E+0	3.7933E+0	-28.3014E+0	40.4386E-6
73.3575E+0	130.0500E+0	101.9170E+0	3.7933E+0	-26.8678E+0	39.7746E-6
74.1070E+0	135.0467E+0	96.7134E+0	3.9612E+0	-24.4155E+0	39.1127E-6
74.8555E+0	140.0367E+0	92.1481E+0	3.8603E+0	-23.8705E+0	39.9417E-6
75.6075E+0	145.0500E+0	90.6710E+0	3.9276E+0	-23.0855E+0	39.8557E-6
76.3580E+0	150.0533E+0	91.1746E+0	3.8603E+0	-23.6183E+0	39.7189E-6
77.1070E+0	155.0467E+0	91.9467E+0	3.9947E+0	-23.0173E+0	40.1116E-6
77.8545E+0	160.0300E+0	91.9129E+0	3.8603E+0	-23.8096E+0	40.2990E-6
78.6080E+0	165.0533E+0	89.7646E+0	3.7933E+0	-23.6641E+0	40.2276E-6
79.3565E+0	170.0433E+0	84.6284E+0	3.8268E+0	-22.1147E+0	39.9562E-6
80.1055E+0	175.0367E+0	79.7608E+0	3.7597E+0	-21.2144E+0	40.3476E-6
80.8580E+0	180.0533E+0	76.8739E+0	3.7933E+0	-20.2658E+0	39.8593E-6
81.6065E+0	185.0433E+0	76.6390E+0	3.8939E+0	-19.6820E+0	40.5082E-6
82.3565E+0	190.0433E+0	77.2767E+0	3.9612E+0	-19.5087E+0	40.7356E-6
83.1075E+0	195.0500E+0	78.3510E+0	3.8939E+0	-20.1217E+0	40.3130E-6
83.8555E+0	200.0367E+0	76.3368E+0	3.7933E+0	-20.1242E+0	40.8880E-6
84.6070E+0	205.0467E+0	73.3156E+0	3.9947E+0	-18.3533E+0	39.9556E-6
85.3575E+0	210.0500E+0	68.8843E+0	3.8939E+0	-17.6905E+0	41.4620E-6
86.1080E+0	215.0533E+0	66.1989E+0	3.9276E+0	-16.8547E+0	40.7210E-6
86.8575E+0	220.0500E+0	62.8084E+0	4.0282E+0	-15.5922E+0	40.3705E-6
87.6095E+0	225.0633E+0	62.9090E+0	3.8603E+0	-16.2963E+0	40.2698E-6
88.3575E+0	230.0500E+0	64.8561E+0	4.0953E+0	-15.8369E+0	39.4961E-6
89.1080E+0	235.0533E+0	65.1581E+0	3.9947E+0	-16.3112E+0	39.3148E-6
89.8565E+0	240.0433E+0	63.8824E+0	3.9947E+0	-15.9919E+0	39.3599E-6
90.6070E+0	245.0467E+0	60.3579E+0	4.0617E+0	-14.8601E+0	40.0413E-6
91.3600E+0	250.0667E+0	57.0344E+0	3.7597E+0	-15.1697E+0	41.1040E-6
92.1080E+0	255.0533E+0	53.8789E+0	4.0617E+0	-13.2650E+0	40.0007E-6
92.8575E+0	260.0500E+0	52.8719E+0	4.0617E+0	-13.0171E+0	40.6767E-6
93.6085E+0	265.0567E+0	53.4425E+0	4.0282E+0	-13.2671E+0	40.4426E-6
94.3575E+0	270.0500E+0	54.9194E+0	3.9276E+0	-13.9829E+0	40.2392E-6
95.1035E+0	275.0233E+0	55.4903E+0	3.8939E+0	-14.2507E+0	40.6403E-6
95.8575E+0	280.0500E+0	53.7445E+0	3.9947E+0	-13.4540E+0	39.6971E-6
96.6075E+0	285.0500E+0	50.0183E+0	4.0282E+0	-12.4170E+0	40.0016E-6
97.3565E+0	290.0433E+0	45.8893E+0	4.2296E+0	-10.8496E+0	40.3006E-6
98.1080E+0	295.0533E+0	43.8415E+0	4.0617E+0	-10.7938E+0	40.3973E-6
98.8575E+0	300.0500E+0	44.9158E+0	3.9612E+0	-11.3391E+0	40.3853E-6
99.6080E+0	305.0533E+0	46.1915E+0	4.0617E+0	-11.3724E+0	40.4818E-6
69.6005E+0	105.0033E+0	111.6180E+0	3.7597E+0	-29.6876E+0	40.2507E-6
70.3575E+0	110.0500E+0	111.2830E+0	3.6925E+0	-30.1379E+0	40.3082E-6
71.1065E+0	115.0433E+0	111.1480E+0	3.9612E+0	-28.0595E+0	40.2497E-6
71.8565E+0	120.0433E+0	110.3430E+0	3.9947E+0	-27.6225E+0	39.9684E-6
72.6060E+0	125.0400E+0	107.3880E+0	3.7597E+0	-28.5625E+0	40.8373E-6
73.3575E+0	130.0500E+0	100.5070E+0	3.7933E+0	-26.4961E+0	39.6721E-6
74.1065E+0	135.0433E+0	96.4114E+0	3.8603E+0	-24.9749E+0	40.5287E-6
74.8565E+0	140.0433E+0	92.6515E+0	3.8603E+0	-24.0009E+0	40.2445E-6
75.6065E+0	145.0433E+0	90.8053E+0	3.8268E+0	-23.7288E+0	40.4172E-6
76.3590E+0	150.0600E+0	90.9730E+0	4.0617E+0	-22.3976E+0	40.6855E-6
77.1070E+0	155.0467E+0	91.6445E+0	3.8939E+0	-23.5356E+0	39.7489E-6
77.8560E+0	160.0400E+0	90.6710E+0	3.8939E+0	-23.2856E+0	40.6658E-6
78.6090E+0	165.0600E+0	88.2540E+0	3.9612E+0	-22.2799E+0	39.6531E-6
79.3565E+0	170.0433E+0	83.7892E+0	3.8603E+0	-21.7052E+0	41.4677E-6
80.1060E+0	175.0400E+0	78.6867E+0	3.7597E+0	-20.9287E+0	39.8163E-6
80.8575E+0	180.0500E+0	76.3033E+0	3.8268E+0	-19.9392E+0	40.6774E-6
81.6070E+0	185.0467E+0	75.8669E+0	3.8268E+0	-19.8252E+0	40.6258E-6
82.3575E+0	190.0500E+0	77.0418E+0	3.9276E+0	-19.6154E+0	39.1001E-6
83.1075E+0	195.0500E+0	78.0153E+0	3.8603E+0	-20.2095E+0	39.8035E-6
83.8570E+0	200.0467E+0	76.9410E+0	3.8603E+0	-19.9312E+0	40.3073E-6
84.6065E+0	205.0433E+0	72.7114E+0	4.0282E+0	-18.0506E+0	40.4105E-6
85.3555E+0	210.0367E+0	69.6902E+0	3.9947E+0	-17.4458E+0	40.3296E-6
86.1090E+0	215.0600E+0	65.7625E+0	3.8268E+0	-17.1847E+0	40.1745E-6
86.8580E+0	220.0533E+0	64.1176E+0	3.8939E+0	-16.4663E+0	38.4207E-6
87.6080E+0	225.0533E+0	64.2517E+0	3.7933E+0	-16.9383E+0	39.2541E-6
88.3580E+0	230.0533E+0	65.5947E+0	3.9612E+0	-16.5595E+0	39.7248E-6
89.1065E+0	235.0433E+0	65.8296E+0	4.0282E+0	-16.3422E+0	40.3980E-6
89.8555E+0	240.0367E+0	64.0841E+0	3.9947E+0	-16.0424E+0	38.9888E-6
90.6070E+0	245.0467E+0	60.7606E+0	4.0282E+0	-15.0838E+0	39.0044E-6
91.3600E+0	250.0667E+0	55.5573E+0	3.7597E+0	-14.7769E+0	39.4555E-6
92.1075E+0	255.0500E+0	53.4761E+0	4.0282E+0	-13.2754E+0	38.8050E-6
92.8575E+0	260.0500E+0	53.0733E+0	3.7933E+0	-13.9914E+0	39.9481E-6
93.6110E+0	265.0733E+0	54.2817E+0	4.0953E+0	-13.2548E+0	39.8111E-6
94.3560E+0	270.0400E+0	56.1615E+0	3.9612E+0	-14.1781E+0	39.9690E-6
95.1045E+0	275.0300E+0	56.3965E+0	3.9612E+0	-14.2374E+0	40.2241E-6
95.8585E+0	280.0567E+0	53.8453E+0	4.2296E+0	-12.7306E+0	40.4633E-6
96.6070E+0	285.0467E+0	50.3876E+0	3.9947E+0	-12.6137E+0	40.1471E-6
97.3560E+0	290.0400E+0	46.7286E+0	3.9276E+0	-11.8974E+0	40.0223E-6
98.1075E+0	295.0500E+0	44.6136E+0	3.9612E+0	-11.2628E+0	40.3848E-6
98.8580E+0	300.0533E+0	44.8150E+0	3.9276E+0	-11.4102E+0	41.1376E-6
99.6070E+0	305.0467E+0	46.8628E+0	3.9947E+0	-11.7313E+0	40.8866E-6
69.6005E+0	105.0033E+0	109.5370E+0	3.9947E+0	-27.4207E+0	40.6165E-6
70.3575E+0	110.0500E+0	109.9730E+0	4.0282E+0	-27.3008E+0	41.2689E-6
71.1080E+0	115.0533E+0	109.7720E+0	4.0617E+0	-27.0259E+0	41.2065E-6
71.8560E+0	120.0400E+0	108.8320E+0	4.0953E+0	-26.5751E+0	41.6992E-6
72.6070E+0	125.0467E+0	104.8710E+0	4.0953E+0	-25.6079E+0	41.2966E-6
73.3565E+0	130.0433E+0	101.1450E+0	4.1290E+0	-24.4961E+0	40.3002E-6
74.1080E+0	135.0533E+0	95.0014E+0	4.0282E+0	-23.5841E+0	41.5665E-6
74.8575E+0	140.0500E+0	92.1816E+0	3.8939E+0	-23.6736E+0	40.3732E-6
75.6065E+0	145.0433E+0	90.7716E+0	4.0282E+0	-22.5340E+0	40.4689E-6
76.3585E+0	150.0567E+0	91.4095E+0	3.8268E+0	-23.8867E+0	40.3847E-6
77.1065E+0	155.0433E+0	92.1816E+0	4.0617E+0	-22.6952E+0	40.8487E-6
77.8565E+0	160.0433E+0	91.8123E+0	3.9276E+0	-23.3761E+0	40.0813E-6
78.6085E+0	165.0567E+0	88.1196E+0	4.1290E+0	-21.3415E+0	40.3923E-6
79.3565E+0	170.0433E+0	85.6356E+0	3.6589E+0	-23.4045E+0	40.8899E-6
80.1065E+0	175.0433E+0	81.4393E+0	3.7597E+0	-21.6608E+0	40.3171E-6
80.8575E+0	180.0500E+0	78.5859E+0	3.7597E+0	-20.9019E+0	40.9995E-6
81.6055E+0	185.0367E+0	78.1496E+0	3.8939E+0	-20.0700E+0	40.3456E-6
82.3570E+0	190.0467E+0	78.7873E+0	3.8939E+0	-20.2337E+0	40.1974E-6
83.1065E+0	195.0433E+0	78.9887E+0	4.0953E+0	-19.2878E+0	40.1352E-6
83.8575E+0	200.0500E+0	77.6125E+0	3.8603E+0	-20.1051E+0	39.8621E-6
84.6060E+0	205.0400E+0	74.0876E+0	3.9276E+0	-18.8632E+0	40.2425E-6
85.3560E+0	210.0400E+0	68.3810E+0	3.9276E+0	-17.4103E+0	40.4204E-6
86.1095E+0	215.0633E+0	65.1916E+0	3.9276E+0	-16.5982E+0	40.2748E-6
86.8590E+0	220.0600E+0	63.0433E+0	4.0617E+0	-15.5213E+0	41.0662E-6
87.6060E+0	225.0400E+0	63.8489E+0	4.0282E+0	-15.8505E+0	40.1968E-6
88.3570E+0	230.0467E+0	65.0575E+0	4.0953E+0	-15.8860E+0	40.6780E-6
89.1095E+0	235.0633E+0	65.8631E+0	4.0617E+0	-16.2155E+0	40.5978E-6
89.8565E+0	240.0433E+0	64.5204E+0	4.0617E+0	-15.8850E+0	41.4201E-6
90.6065E+0	245.0433E+0	61.5998E+0	3.9947E+0	-15.4205E+0	40.6866E-6
91.3585E+0	250.0567E+0	57.8065E+0	3.9276E+0	-14.7179E+0	40.7045E-6
92.1070E+0	255.0467E+0	54.2481E+0	3.9612E+0	-13.6950E+0	41.2530E-6
92.8565E+0	260.0433E+0	53.2409E+0	4.0617E+0	-13.1079E+0	41.3706E-6
93.6095E+0	265.0633E+0	54.4160E+0	3.9612E+0	-13.7374E+0	40.6119E-6
94.3560E+0	270.0400E+0	56.2624E+0	4.0282E+0	-13.9671E+0	40.9570E-6
95.1055E+0	275.0367E+0	56.4638E+0	4.0617E+0	-13.9014E+0	41.5608E-6
95.8580E+0	280.0533E+0	54.9194E+0	4.0282E+0	-13.6337E+0	41.8637E-6
96.6075E+0	285.0500E+0	51.0591E+0	3.9947E+0	-12.7818E+0	42.0276E-6
97.3550E+0	290.0333E+0	47.5342E+0	3.9947E+0	-11.8994E+0	41.2046E-6
98.1070E+0	295.0467E+0	45.3186E+0	3.9612E+0	-11.4408E+0	41.1479E-6
98.8570E+0	300.0467E+0	45.3857E+0	3.8268E+0	-11.8600E+0	40.8160E-6
99.6075E+0	305.0500E+0	46.7957E+0	3.8603E+0	-12.1222E+0	40.9949E-6
