51.0005E+0	-18.9967E+0	-39.0749E+0	8.4293E+0	4.6356E+0	41.6748E-6
51.1795E+0	-17.8033E+0	-39.0749E+0	8.4293E+0	4.6356E+0	41.6748E-6
51.3265E+0	-16.8233E+0	-39.1856E+0	8.4696E+0	4.6266E+0	41.2269E-6
51.4770E+0	-15.8200E+0	-39.1454E+0	8.4394E+0	4.6384E+0	40.8851E-6
51.6235E+0	-14.8433E+0	-39.1454E+0	8.4394E+0	4.6384E+0	40.8851E-6
51.7755E+0	-13.8300E+0	-39.0447E+0	8.4696E+0	4.6100E+0	41.0370E-6
51.9235E+0	-12.8433E+0	-39.0749E+0	8.4696E+0	4.6136E+0	41.3348E-6
52.0755E+0	-11.8300E+0	-39.0849E+0	8.4696E+0	4.6147E+0	41.3837E-6
52.2265E+0	-10.8233E+0	-39.1756E+0	8.4091E+0	4.6587E+0	41.4424E-6
52.3755E+0	-9.8300E+0	-39.0648E+0	8.5400E+0	4.5743E+0	41.0896E-6
52.5290E+0	-8.8067E+0	-39.1252E+0	8.5501E+0	4.5760E+0	41.1322E-6
52.6770E+0	-7.8200E+0	-39.1252E+0	8.5501E+0	4.5760E+0	41.1322E-6
52.8255E+0	-6.8300E+0	-39.1957E+0	8.5400E+0	4.5896E+0	41.1247E-6
52.9765E+0	-5.8233E+0	-39.0547E+0	8.4897E+0	4.6002E+0	39.1495E-6
53.1250E+0	-4.8333E+0	-39.0245E+0	8.5400E+0	4.5696E+0	39.7544E-6
53.2755E+0	-3.8300E+0	-39.1151E+0	8.5602E+0	4.5694E+0	39.5802E-6
53.4230E+0	-2.8467E+0	-39.1252E+0	8.4796E+0	4.6140E+0	39.8529E-6
53.5740E+0	-1.8400E+0	-39.0044E+0	8.5501E+0	4.5619E+0	39.8039E-6
53.7250E+0	-833.3333E-3	-39.0044E+0	8.5501E+0	4.5619E+0	39.8039E-6
53.8755E+0	170.0000E-3	-17.6441E+0	8.4192E+0	2.0957E+0	40.0823E-6
54.0230E+0	1.1533E+0	105.5420E+0	8.2882E+0	-12.7339E+0	41.0332E-6
54.1735E+0	2.1567E+0	92.3093E+0	8.3285E+0	-11.0835E+0	40.6974E-6
54.3235E+0	3.1567E+0	74.9773E+0	8.3285E+0	-9.0025E+0	41.0243E-6
54.4745E+0	4.1633E+0	73.1042E+0	8.2983E+0	-8.8095E+0	40.7093E-6
54.6270E+0	5.1800E+0	65.5410E+0	8.3386E+0	-7.8600E+0	40.6240E-6
54.7760E+0	6.1733E+0	60.9084E+0	8.3587E+0	-7.2868E+0	40.1927E-6
54.9260E+0	7.1733E+0	63.1945E+0	8.3386E+0	-7.5786E+0	40.4431E-6
55.0765E+0	8.1767E+0	62.8521E+0	8.2882E+0	-7.5833E+0	40.2397E-6
55.2265E+0	9.1767E+0	62.8521E+0	8.2882E+0	-7.5833E+0	40.2397E-6
55.3755E+0	10.1700E+0	59.0654E+0	8.2983E+0	-7.1178E+0	39.7483E-6
55.5105E+0	11.0700E+0	55.2486E+0	8.3386E+0	-6.6256E+0	40.1863E-6
55.6890E+0	12.2600E+0	53.2042E+0	8.3084E+0	-6.4037E+0	40.3149E-6
55.8120E+0	13.0800E+0	50.3542E+0	8.3890E+0	-6.0024E+0	40.0730E-6
55.9845E+0	14.2300E+0	48.4608E+0	8.3285E+0	-5.8186E+0	40.2896E-6
56.1070E+0	15.0467E+0	47.1718E+0	8.3789E+0	-5.6298E+0	39.3466E-6
56.2945E+0	16.2967E+0	47.1718E+0	8.3789E+0	-5.6298E+0	39.3466E-6
56.4225E+0	17.1500E+0	46.5071E+0	8.3991E+0	-5.5372E+0	39.8411E-6
56.5760E+0	18.1733E+0	45.8022E+0	8.4091E+0	-5.4467E+0	40.0759E-6
56.7245E+0	19.1633E+0	45.3489E+0	8.3487E+0	-5.4319E+0	41.0592E-6
56.8755E+0	20.1700E+0	45.1778E+0	8.3487E+0	-5.4114E+0	39.8212E-6
57.0250E+0	21.1667E+0	44.5332E+0	8.3587E+0	-5.3277E+0	40.0082E-6
57.1745E+0	22.1633E+0	43.5362E+0	8.2782E+0	-5.2592E+0	41.0652E-6
57.3005E+0	23.0033E+0	43.5362E+0	8.2782E+0	-5.2592E+0	41.0652E-6
57.4925E+0	24.2833E+0	42.3982E+0	8.2480E+0	-5.1404E+0	41.1629E-6
57.6245E+0	25.1633E+0	41.5824E+0	8.2379E+0	-5.0477E+0	41.3950E-6
57.7765E+0	26.1767E+0	40.7264E+0	8.2882E+0	-4.9138E+0	40.6553E-6
57.9245E+0	27.1633E+0	40.0316E+0	8.3386E+0	-4.8008E+0	39.7778E-6
58.0730E+0	28.1533E+0	39.6992E+0	8.3890E+0	-4.7323E+0	40.1078E-6
58.2225E+0	29.1500E+0	39.6992E+0	8.3890E+0	-4.7323E+0	40.1078E-6
58.3745E+0	30.1633E+0	39.4978E+0	8.3487E+0	-4.7310E+0	40.0539E-6
58.5250E+0	31.1667E+0	39.2863E+0	8.2782E+0	-4.7458E+0	40.3743E-6
51.0005E+0	-18.9967E+0	-39.0245E+0	8.5602E+0	4.5588E+0	39.7034E-6
51.1765E+0	-17.8233E+0	-39.0447E+0	8.5400E+0	4.5720E+0	40.4281E-6
51.3265E+0	-16.8233E+0	-39.0547E+0	8.5300E+0	4.5785E+0	39.9139E-6
51.4750E+0	-15.8333E+0	-39.0346E+0	8.5300E+0	4.5762E+0	40.3754E-6
51.6250E+0	-14.8333E+0	-39.1051E+0	8.4796E+0	4.6117E+0	39.4260E-6
51.7750E+0	-13.8333E+0	-39.0849E+0	8.4796E+0	4.6093E+0	39.8399E-6
51.9240E+0	-12.8400E+0	-39.1051E+0	8.5098E+0	4.5953E+0	39.7583E-6
52.0765E+0	-11.8233E+0	-39.0749E+0	8.5098E+0	4.5917E+0	40.6360E-6
52.2265E+0	-10.8233E+0	-39.0749E+0	8.5098E+0	4.5917E+0	40.6360E-6
52.3760E+0	-9.8267E+0	-39.0447E+0	8.4897E+0	4.5991E+0	39.7226E-6
52.5290E+0	-8.8067E+0	-39.0648E+0	8.5703E+0	4.5582E+0	40.6465E-6
52.6760E+0	-7.8267E+0	-39.0950E+0	8.4897E+0	4.6050E+0	39.4118E-6
52.8255E+0	-6.8300E+0	-38.9842E+0	8.4897E+0	4.5919E+0	40.2487E-6
52.9750E+0	-5.8333E+0	-39.0749E+0	8.5400E+0	4.5755E+0	40.0358E-6
53.1235E+0	-4.8433E+0	-39.0648E+0	8.5501E+0	4.5689E+0	39.2359E-6
53.2755E+0	-3.8300E+0	-39.1051E+0	8.4897E+0	4.6062E+0	40.3929E-6
53.4255E+0	-2.8300E+0	-39.1051E+0	8.4897E+0	4.6062E+0	40.3929E-6
53.5770E+0	-1.8200E+0	-39.0547E+0	8.4897E+0	4.6002E+0	41.3352E-6
53.7260E+0	-826.6667E-3	-38.6418E+0	8.4494E+0	4.5733E+0	41.7109E-6
53.8780E+0	186.6667E-3	3.4543E+0	8.4494E+0	-408.8186E-3	40.6547E-6
54.0205E+0	1.1367E+0	127.7490E+0	8.3487E+0	-15.3017E+0	39.9969E-6
54.1770E+0	2.1800E+0	81.6744E+0	8.4293E+0	-9.6894E+0	40.2829E-6
54.3230E+0	3.1533E+0	75.3600E+0	8.3991E+0	-8.9724E+0	40.1634E-6
54.4745E+0	4.1633E+0	70.0829E+0	8.3386E+0	-8.4046E+0	39.7028E-6
54.6265E+0	5.1767E+0	62.6809E+0	8.3789E+0	-7.4808E+0	39.6137E-6
54.7725E+0	6.1500E+0	62.6809E+0	8.3789E+0	-7.4808E+0	39.6137E-6
54.9280E+0	7.1867E+0	61.6335E+0	8.4394E+0	-7.3031E+0	39.7858E-6
55.0760E+0	8.1733E+0	64.0404E+0	8.4192E+0	-7.6065E+0	39.6040E-6
55.2245E+0	9.1633E+0	61.1098E+0	8.4192E+0	-7.2584E+0	40.1241E-6
55.3740E+0	10.1600E+0	56.9606E+0	8.4696E+0	-6.7253E+0	38.8960E-6
55.5265E+0	11.1767E+0	53.3653E+0	8.4494E+0	-6.3159E+0	39.6529E-6
55.6755E+0	12.1700E+0	51.1397E+0	8.3991E+0	-6.0887E+0	39.7257E-6
55.8200E+0	13.1333E+0	48.8435E+0	8.3487E+0	-5.8505E+0	39.9175E-6
55.9770E+0	14.1800E+0	48.8435E+0	8.3487E+0	-5.8505E+0	39.9175E-6
56.1250E+0	15.1667E+0	47.7861E+0	8.3890E+0	-5.6963E+0	40.8933E-6
56.2730E+0	16.1533E+0	47.2322E+0	8.3890E+0	-5.6303E+0	40.3806E-6
56.4225E+0	17.1500E+0	46.9099E+0	8.3285E+0	-5.6324E+0	40.5997E-6
56.5720E+0	18.1467E+0	46.4467E+0	8.4192E+0	-5.5168E+0	41.0324E-6
56.7305E+0	19.2033E+0	46.0841E+0	8.3386E+0	-5.5266E+0	41.4358E-6
56.8735E+0	20.1567E+0	45.3993E+0	8.3688E+0	-5.4248E+0	41.6002E-6
57.0230E+0	21.1533E+0	44.5232E+0	8.2983E+0	-5.3653E+0	40.4170E-6
57.1540E+0	22.0267E+0	43.4959E+0	8.3185E+0	-5.2288E+0	40.3218E-6
57.3485E+0	23.3233E+0	43.4959E+0	8.3185E+0	-5.2288E+0	40.3218E-6
57.4615E+0	24.0767E+0	42.6701E+0	8.3084E+0	-5.1358E+0	40.4521E-6
57.6390E+0	25.2600E+0	41.6026E+0	8.3185E+0	-5.0012E+0	40.6259E-6
57.7710E+0	26.1400E+0	41.0688E+0	8.3285E+0	-4.9311E+0	39.9629E-6
57.9255E+0	27.1700E+0	40.4344E+0	8.3285E+0	-4.8549E+0	40.4327E-6
58.0715E+0	28.1433E+0	39.8402E+0	8.2681E+0	-4.8185E+0	39.6439E-6
58.2225E+0	29.1500E+0	39.3064E+0	8.3487E+0	-4.7081E+0	41.4532E-6
58.3735E+0	30.1567E+0	38.9640E+0	8.3185E+0	-4.6840E+0	39.8228E-6
58.5230E+0	31.1533E+0	38.9640E+0	8.3185E+0	-4.6840E+0	39.8228E-6
51.0005E+0	-18.9967E+0	-39.0950E+0	8.4394E+0	4.6325E+0	41.1437E-6
51.1765E+0	-17.8233E+0	-39.0950E+0	8.4394E+0	4.6325E+0	41.1437E-6
51.3260E+0	-16.8267E+0	-39.1051E+0	8.4595E+0	4.6226E+0	40.5881E-6
51.4755E+0	-15.8300E+0	-39.0648E+0	8.4494E+0	4.6234E+0	41.4841E-6
51.6250E+0	-14.8333E+0	-39.1151E+0	8.4293E+0	4.6404E+0	40.6853E-6
51.7755E+0	-13.8300E+0	-39.0447E+0	8.4293E+0	4.6320E+0	40.5154E-6
51.9245E+0	-12.8367E+0	-39.0849E+0	8.4192E+0	4.6423E+0	39.9262E-6
52.0755E+0	-11.8300E+0	-39.0447E+0	8.4494E+0	4.6210E+0	39.7626E-6
52.2270E+0	-10.8200E+0	-39.0447E+0	8.4494E+0	4.6210E+0	39.7626E-6
52.3770E+0	-9.8200E+0	-39.0950E+0	8.3991E+0	4.6547E+0	39.8887E-6
52.5280E+0	-8.8133E+0	-39.1151E+0	8.3789E+0	4.6683E+0	39.4718E-6
52.6750E+0	-7.8333E+0	-39.1454E+0	8.4091E+0	4.6551E+0	39.6757E-6
52.8250E+0	-6.8333E+0	-39.1151E+0	8.4796E+0	4.6128E+0	41.0552E-6
52.9735E+0	-5.8433E+0	-39.0547E+0	8.5098E+0	4.5894E+0	40.7874E-6
53.1205E+0	-4.8633E+0	-39.0749E+0	8.5199E+0	4.5863E+0	40.3310E-6
53.2750E+0	-3.8333E+0	-39.0749E+0	8.4595E+0	4.6191E+0	40.5416E-6
53.4250E+0	-2.8333E+0	-39.0144E+0	8.5300E+0	4.5738E+0	40.4303E-6
53.5765E+0	-1.8233E+0	-39.0144E+0	8.5300E+0	4.5738E+0	40.4303E-6
53.7250E+0	-833.3333E-3	-38.7123E+0	8.4796E+0	4.5653E+0	40.5425E-6
53.8770E+0	180.0000E-3	23.2032E+0	8.3890E+0	-2.7659E+0	40.5954E-6
54.0230E+0	1.1533E+0	122.5120E+0	8.3487E+0	-14.6744E+0	39.9997E-6
54.1745E+0	2.1633E+0	81.9162E+0	8.4696E+0	-9.6718E+0	40.8593E-6
54.3235E+0	3.1567E+0	75.0076E+0	8.3386E+0	-8.9952E+0	40.4180E-6
54.4745E+0	4.1633E+0	70.8785E+0	8.3688E+0	-8.4694E+0	39.7871E-6
54.6240E+0	5.1600E+0	63.6376E+0	8.3991E+0	-7.5767E+0	39.7051E-6
54.7730E+0	6.1533E+0	60.9084E+0	8.4293E+0	-7.2258E+0	40.3319E-6
54.9280E+0	7.1867E+0	63.0937E+0	8.3890E+0	-7.5210E+0	39.6960E-6
55.0755E+0	8.1700E+0	63.4362E+0	8.3890E+0	-7.5618E+0	40.4583E-6
55.2250E+0	9.1667E+0	59.6797E+0	8.3487E+0	-7.1484E+0	39.7160E-6
55.3740E+0	10.1600E+0	59.6797E+0	8.3487E+0	-7.1484E+0	39.7160E-6
55.5215E+0	11.1433E+0	55.6413E+0	8.3084E+0	-6.6970E+0	39.7241E-6
55.6760E+0	12.1733E+0	53.0733E+0	8.3285E+0	-6.3725E+0	39.8386E-6
55.8250E+0	13.1667E+0	50.3038E+0	8.2882E+0	-6.0693E+0	40.1783E-6
55.9750E+0	14.1667E+0	48.6018E+0	8.3386E+0	-5.8285E+0	40.0041E-6
56.1245E+0	15.1633E+0	47.7156E+0	8.4192E+0	-5.6675E+0	39.5366E-6
56.2775E+0	16.1833E+0	47.4940E+0	8.4394E+0	-5.6277E+0	39.6499E-6
56.4265E+0	17.1767E+0	47.1919E+0	8.3890E+0	-5.6254E+0	40.0782E-6
56.5750E+0	18.1667E+0	46.7488E+0	8.3185E+0	-5.6199E+0	39.8881E-6
56.7240E+0	19.1600E+0	46.7488E+0	8.3185E+0	-5.6199E+0	39.8881E-6
56.8730E+0	20.1533E+0	46.4265E+0	8.2782E+0	-5.6083E+0	40.0243E-6
57.0175E+0	21.1167E+0	45.7719E+0	8.3688E+0	-5.4693E+0	40.3884E-6
57.1690E+0	22.1267E+0	44.7850E+0	8.2983E+0	-5.3969E+0	40.6001E-6
57.3335E+0	23.2233E+0	43.9390E+0	8.2882E+0	-5.3014E+0	41.0100E-6
57.4750E+0	24.1667E+0	43.1333E+0	8.2480E+0	-5.2296E+0	40.2694E-6
57.6265E+0	25.1767E+0	42.5996E+0	8.2782E+0	-5.1460E+0	40.4520E-6
57.7735E+0	26.1567E+0	41.9148E+0	8.2782E+0	-5.0633E+0	39.8833E-6
57.9250E+0	27.1667E+0	40.9681E+0	8.3386E+0	-4.9131E+0	39.0986E-6
58.0725E+0	28.1500E+0	40.9681E+0	8.3386E+0	-4.9131E+0	39.0986E-6
58.2220E+0	29.1467E+0	40.3437E+0	8.2782E+0	-4.8735E+0	39.8507E-6
58.3735E+0	30.1567E+0	39.9509E+0	8.3789E+0	-4.7680E+0	38.9224E-6
58.5235E+0	31.1567E+0	39.5481E+0	8.3386E+0	-4.7428E+0	39.3428E-6
51.0005E+0	-18.9967E+0	-39.1151E+0	8.3890E+0	4.6627E+0	39.6954E-6
51.1740E+0	-17.8400E+0	-39.1655E+0	8.4293E+0	4.6464E+0	40.1599E-6
51.3260E+0	-16.8267E+0	-39.1856E+0	8.4091E+0	4.6599E+0	40.7192E-6
51.4755E+0	-15.8300E+0	-39.2058E+0	8.4696E+0	4.6290E+0	41.5938E-6
51.6250E+0	-14.8333E+0	-39.2058E+0	8.4394E+0	4.6456E+0	40.3009E-6
51.7760E+0	-13.8267E+0	-39.1454E+0	8.4998E+0	4.6055E+0	40.5179E-6
51.9240E+0	-12.8400E+0	-39.1454E+0	8.4998E+0	4.6055E+0	40.5179E-6
52.0770E+0	-11.8200E+0	-39.0849E+0	8.4192E+0	4.6423E+0	40.9741E-6
52.2260E+0	-10.8267E+0	-39.0447E+0	8.4192E+0	4.6376E+0	41.1621E-6
52.3750E+0	-9.8333E+0	-39.1051E+0	8.3890E+0	4.6615E+0	40.4658E-6
52.5275E+0	-8.8167E+0	-39.1151E+0	8.4091E+0	4.6515E+0	38.8719E-6
52.6750E+0	-7.8333E+0	-39.0849E+0	8.5098E+0	4.5929E+0	40.5500E-6
52.8250E+0	-6.8333E+0	-39.0950E+0	8.5199E+0	4.5887E+0	40.5078E-6
52.9735E+0	-5.8433E+0	-39.1252E+0	8.4696E+0	4.6195E+0	40.9152E-6
53.1255E+0	-4.8300E+0	-39.1252E+0	8.4696E+0	4.6195E+0	40.9152E-6
53.2755E+0	-3.8300E+0	-39.1655E+0	8.4394E+0	4.6408E+0	39.3460E-6
53.4255E+0	-2.8300E+0	-39.1856E+0	8.4091E+0	4.6599E+0	39.6940E-6
53.5765E+0	-1.8233E+0	-39.0044E+0	8.3991E+0	4.6439E+0	40.2547E-6
53.7260E+0	-826.6667E-3	-29.4975E+0	8.4494E+0	3.4911E+0	40.9944E-6
53.8775E+0	183.3333E-3	52.4892E+0	8.3487E+0	-6.2871E+0	39.8835E-6
54.0235E+0	1.1567E+0	118.6650E+0	8.2278E+0	-14.4224E+0	39.7096E-6
54.1765E+0	2.1767E+0	81.8355E+0	8.3587E+0	-9.7904E+0	39.2549E-6
54.3220E+0	3.1467E+0	75.6219E+0	8.3587E+0	-9.0470E+0	40.3167E-6
54.4705E+0	4.1367E+0	75.6219E+0	8.3587E+0	-9.0470E+0	40.3167E-6
54.6310E+0	5.2067E+0	70.2339E+0	8.3487E+0	-8.4126E+0	40.8454E-6
54.7745E+0	6.1633E+0	62.4492E+0	8.3386E+0	-7.4892E+0	39.7969E-6
54.9280E+0	7.1867E+0	62.9930E+0	8.3084E+0	-7.5819E+0	41.0443E-6
55.0750E+0	8.1667E+0	65.0877E+0	8.3185E+0	-7.8245E+0	40.1359E-6
55.2165E+0	9.1100E+0	60.7573E+0	8.3185E+0	-7.3039E+0	39.5545E-6
55.3825E+0	10.2167E+0	57.1822E+0	8.2480E+0	-6.9329E+0	39.0200E-6
55.5195E+0	11.1300E+0	57.1822E+0	8.2480E+0	-6.9329E+0	39.0200E-6
55.6750E+0	12.1667E+0	54.1408E+0	8.2681E+0	-6.5481E+0	39.6211E-6
55.8250E+0	13.1667E+0	51.9554E+0	8.3185E+0	-6.2458E+0	39.2386E-6
55.9745E+0	14.1633E+0	49.6089E+0	8.2379E+0	-6.0220E+0	40.2210E-6
56.1165E+0	15.1100E+0	48.4407E+0	8.3084E+0	-5.8303E+0	39.4273E-6
56.2860E+0	16.2400E+0	48.0983E+0	8.3084E+0	-5.7891E+0	39.2605E-6
56.4235E+0	17.1567E+0	47.8767E+0	8.3386E+0	-5.7416E+0	40.3143E-6
56.5755E+0	18.1700E+0	47.8767E+0	8.3386E+0	-5.7416E+0	40.3143E-6
56.7240E+0	19.1600E+0	47.2121E+0	8.2580E+0	-5.7171E+0	39.7035E-6
56.8745E+0	20.1633E+0	46.8495E+0	8.2681E+0	-5.6663E+0	39.7046E-6
57.0245E+0	21.1633E+0	45.7417E+0	8.2882E+0	-5.5189E+0	39.6661E-6
57.1685E+0	22.1233E+0	44.6239E+0	8.2782E+0	-5.3905E+0	40.1362E-6
57.2930E+0	22.9533E+0	43.3952E+0	8.2782E+0	-5.2421E+0	40.5948E-6
57.4925E+0	24.2833E+0	42.5593E+0	8.3688E+0	-5.0855E+0	40.4787E-6
57.6290E+0	25.1933E+0	41.6127E+0	8.3487E+0	-4.9844E+0	40.4029E-6
57.7735E+0	26.1567E+0	40.9681E+0	8.3587E+0	-4.9012E+0	39.4462E-6
57.9265E+0	27.1767E+0	40.9681E+0	8.3587E+0	-4.9012E+0	39.4462E-6
58.0730E+0	28.1533E+0	40.3135E+0	8.4293E+0	-4.7826E+0	40.3099E-6
58.2230E+0	29.1533E+0	39.7697E+0	8.4595E+0	-4.7012E+0	40.0611E-6
58.3745E+0	30.1633E+0	39.2460E+0	8.4696E+0	-4.6338E+0	39.7183E-6
58.5255E+0	31.1700E+0	38.8734E+0	8.3991E+0	-4.6283E+0	40.2297E-6
51.0005E+0	-18.9967E+0	-39.0849E+0	8.4091E+0	4.6479E+0	40.4220E-6
51.1730E+0	-17.8467E+0	-39.0447E+0	8.3991E+0	4.6487E+0	41.0579E-6
51.3260E+0	-16.8267E+0	-39.1151E+0	8.4394E+0	4.6348E+0	40.1447E-6
51.4760E+0	-15.8267E+0	-39.1252E+0	8.4696E+0	4.6195E+0	41.2803E-6
51.6250E+0	-14.8333E+0	-39.1252E+0	8.4696E+0	4.6195E+0	41.2803E-6
51.7770E+0	-13.8200E+0	-39.0346E+0	8.4192E+0	4.6364E+0	40.7821E-6
51.9240E+0	-12.8400E+0	-39.0950E+0	8.4494E+0	4.6269E+0	40.4647E-6
52.0760E+0	-11.8267E+0	-39.1252E+0	8.4394E+0	4.6360E+0	40.6411E-6
52.2250E+0	-10.8333E+0	-39.1252E+0	8.5098E+0	4.5976E+0	40.7215E-6
52.3775E+0	-9.8167E+0	-39.1051E+0	8.5300E+0	4.5844E+0	40.8501E-6
52.5250E+0	-8.8333E+0	-39.1353E+0	8.4293E+0	4.6428E+0	40.7545E-6
52.6780E+0	-7.8133E+0	-39.1353E+0	8.4293E+0	4.6428E+0	40.7545E-6
52.8255E+0	-6.8300E+0	-39.1655E+0	8.3991E+0	4.6631E+0	39.3490E-6
52.9755E+0	-5.8300E+0	-39.1454E+0	8.3991E+0	4.6607E+0	40.7845E-6
53.1250E+0	-4.8333E+0	-39.1353E+0	8.3789E+0	4.6707E+0	40.7750E-6
53.2760E+0	-3.8267E+0	-39.1554E+0	8.4091E+0	4.6563E+0	41.0831E-6
53.4250E+0	-2.8333E+0	-39.1856E+0	8.4998E+0	4.6102E+0	40.0832E-6
53.5770E+0	-1.8200E+0	-38.9137E+0	8.3991E+0	4.6331E+0	41.0079E-6
53.7265E+0	-823.3333E-3	-38.9137E+0	8.3991E+0	4.6331E+0	41.0079E-6
53.8770E+0	180.0000E-3	-11.9541E+0	8.2480E+0	1.4493E+0	39.7246E-6
54.0240E+0	1.1600E+0	120.4570E+0	8.2580E+0	-14.5866E+0	40.1375E-6
54.1760E+0	2.1733E+0	93.6487E+0	8.4091E+0	-11.1365E+0	40.4524E-6
54.3240E+0	3.1600E+0	76.2362E+0	8.4394E+0	-9.0334E+0	39.6557E-6
54.4765E+0	4.1767E+0	74.0609E+0	8.3587E+0	-8.8603E+0	40.9441E-6
54.6255E+0	5.1700E+0	65.7726E+0	8.4192E+0	-7.8122E+0	40.5375E-6
54.7755E+0	6.1700E+0	62.0766E+0	8.3890E+0	-7.3998E+0	40.4564E-6
54.9235E+0	7.1567E+0	64.1613E+0	8.3487E+0	-7.6852E+0	41.2588E-6
55.0790E+0	8.1933E+0	64.1613E+0	8.3487E+0	-7.6852E+0	41.2588E-6
55.2280E+0	9.1867E+0	63.2750E+0	8.3587E+0	-7.5699E+0	40.3776E-6
55.3735E+0	10.1567E+0	59.2366E+0	8.4394E+0	-7.0191E+0	40.9445E-6
55.5150E+0	11.1000E+0	54.9163E+0	8.3185E+0	-6.6017E+0	40.9912E-6
55.6810E+0	12.2067E+0	52.7611E+0	8.3487E+0	-6.3197E+0	41.0191E-6
55.8215E+0	13.1433E+0	50.2534E+0	8.3587E+0	-6.0121E+0	41.8421E-6
55.9775E+0	14.1833E+0	48.7730E+0	8.3386E+0	-5.8491E+0	42.4937E-6
56.1250E+0	15.1667E+0	48.0781E+0	8.3386E+0	-5.7657E+0	41.0952E-6
56.2780E+0	16.1867E+0	47.9472E+0	8.2580E+0	-5.8061E+0	40.8959E-6
56.4260E+0	17.1733E+0	47.9472E+0	8.2580E+0	-5.8061E+0	40.8959E-6
56.5720E+0	18.1467E+0	47.7962E+0	8.3285E+0	-5.7389E+0	40.9540E-6
56.7200E+0	19.1333E+0	47.1919E+0	8.3386E+0	-5.6595E+0	41.8053E-6
56.8785E+0	20.1900E+0	46.7689E+0	8.3084E+0	-5.6291E+0	41.4891E-6
57.0240E+0	21.1600E+0	45.5503E+0	8.3688E+0	-5.4429E+0	40.1050E-6
57.1645E+0	22.0967E+0	44.3016E+0	8.3386E+0	-5.3128E+0	41.1258E-6
57.3230E+0	23.1533E+0	43.5060E+0	8.2882E+0	-5.2491E+0	41.3798E-6
57.4850E+0	24.2333E+0	42.5896E+0	8.3285E+0	-5.1137E+0	42.2730E-6
57.6170E+0	25.1133E+0	41.8141E+0	8.3285E+0	-5.0206E+0	41.4720E-6
57.7815E+0	26.2100E+0	41.8141E+0	8.3285E+0	-5.0206E+0	41.4720E-6
57.9230E+0	27.1533E+0	41.1695E+0	8.2681E+0	-4.9793E+0	40.5808E-6
58.0735E+0	28.1567E+0	40.6257E+0	8.2681E+0	-4.9135E+0	41.4502E-6
58.2225E+0	29.1500E+0	40.1725E+0	8.3688E+0	-4.8003E+0	41.2064E-6
58.3745E+0	30.1633E+0	39.8100E+0	8.3185E+0	-4.7857E+0	41.4484E-6
58.5240E+0	31.1600E+0	39.2158E+0	8.3587E+0	-4.6916E+0	40.7309E-6
51.0005E+0	-18.9967E+0	-39.1454E+0	8.3688E+0	4.6775E+0	40.3853E-6
51.1760E+0	-17.8267E+0	-39.1554E+0	8.3789E+0	4.6731E+0	41.4662E-6
51.3265E+0	-16.8233E+0	-39.1554E+0	8.3789E+0	4.6731E+0	41.4662E-6
51.4765E+0	-15.8233E+0	-39.1353E+0	8.3890E+0	4.6651E+0	40.3072E-6
51.6245E+0	-14.8367E+0	-39.1655E+0	8.3991E+0	4.6631E+0	41.6047E-6
51.7760E+0	-13.8267E+0	-39.1151E+0	8.3587E+0	4.6795E+0	41.4446E-6
51.9240E+0	-12.8400E+0	-39.0950E+0	8.3285E+0	4.6941E+0	41.1613E-6
52.0765E+0	-11.8233E+0	-39.1856E+0	8.3789E+0	4.6767E+0	41.3765E-6
52.2260E+0	-10.8267E+0	-39.1655E+0	8.4192E+0	4.6519E+0	40.9291E-6
52.3765E+0	-9.8233E+0	-39.1655E+0	8.4192E+0	4.6519E+0	40.9291E-6
52.5280E+0	-8.8133E+0	-39.1151E+0	8.4394E+0	4.6348E+0	41.3256E-6
52.6750E+0	-7.8333E+0	-39.1957E+0	8.3688E+0	4.6835E+0	40.8608E-6
52.8230E+0	-6.8467E+0	-39.1353E+0	8.3084E+0	4.7103E+0	41.4949E-6
52.9745E+0	-5.8367E+0	-39.1454E+0	8.2983E+0	4.7173E+0	40.2979E-6
53.1230E+0	-4.8467E+0	-39.1554E+0	8.4192E+0	4.6507E+0	40.4470E-6
53.2755E+0	-3.8300E+0	-39.1554E+0	8.5098E+0	4.6012E+0	40.2958E-6
53.4260E+0	-2.8267E+0	-39.1454E+0	8.5098E+0	4.6000E+0	39.6193E-6
53.5765E+0	-1.8233E+0	-39.1454E+0	8.5098E+0	4.6000E+0	39.6193E-6
53.7270E+0	-820.0000E-3	-38.6418E+0	8.4595E+0	4.5679E+0	40.4140E-6
53.8780E+0	186.6667E-3	3.1823E+0	8.4091E+0	-378.4370E-3	40.1581E-6
54.0230E+0	1.1533E+0	117.7380E+0	8.3285E+0	-14.1367E+0	39.9429E-6
54.1770E+0	2.1800E+0	82.5909E+0	8.3890E+0	-9.8451E+0	40.8805E-6
54.3230E+0	3.1533E+0	75.6521E+0	8.2480E+0	-9.1722E+0	40.6464E-6
54.4750E+0	4.1667E+0	71.4525E+0	8.2983E+0	-8.6105E+0	41.7159E-6
54.6250E+0	5.1667E+0	63.5872E+0	8.3487E+0	-7.6164E+0	40.9764E-6
54.7725E+0	6.1500E+0	63.5872E+0	8.3487E+0	-7.6164E+0	40.9764E-6
54.9310E+0	7.2067E+0	62.9326E+0	8.3084E+0	-7.5746E+0	40.7967E-6
55.0745E+0	8.1633E+0	65.3496E+0	8.2480E+0	-7.9231E+0	39.9105E-6
55.2260E+0	9.1733E+0	62.2277E+0	8.3084E+0	-7.4897E+0	40.5775E-6
55.3750E+0	10.1667E+0	58.3806E+0	8.3285E+0	-7.0097E+0	40.5225E-6
55.5225E+0	11.1500E+0	55.0169E+0	8.2681E+0	-6.6541E+0	40.8750E-6
55.6745E+0	12.1633E+0	52.8517E+0	8.2580E+0	-6.4000E+0	40.4547E-6
55.8235E+0	13.1567E+0	50.3844E+0	8.2480E+0	-6.1087E+0	40.3754E-6
55.9750E+0	14.1667E+0	50.3844E+0	8.2480E+0	-6.1087E+0	40.3754E-6
56.1255E+0	15.1700E+0	48.9442E+0	8.2278E+0	-5.9486E+0	39.9216E-6
56.2780E+0	16.1867E+0	48.4105E+0	8.2983E+0	-5.8338E+0	40.4901E-6
56.4265E+0	17.1767E+0	48.2493E+0	8.2983E+0	-5.8143E+0	40.1504E-6
56.5755E+0	18.1700E+0	48.0177E+0	8.2580E+0	-5.8147E+0	39.1066E-6
56.7250E+0	19.1667E+0	47.5444E+0	8.3084E+0	-5.7225E+0	40.2234E-6
56.8730E+0	20.1533E+0	46.8193E+0	8.2077E+0	-5.7043E+0	39.8314E-6
57.0185E+0	21.1233E+0	45.7316E+0	8.2782E+0	-5.5244E+0	40.7493E-6
57.1795E+0	22.1967E+0	44.1404E+0	8.3688E+0	-5.2744E+0	40.2755E-6
57.3255E+0	23.1700E+0	42.6399E+0	8.3487E+0	-5.1074E+0	39.7208E-6
57.4785E+0	24.1900E+0	42.6399E+0	8.3487E+0	-5.1074E+0	39.7208E-6
57.6265E+0	25.1767E+0	41.4918E+0	8.3487E+0	-4.9699E+0	39.6401E-6
57.7700E+0	26.1333E+0	40.6761E+0	8.3386E+0	-4.8780E+0	40.4629E-6
57.9265E+0	27.1767E+0	40.1323E+0	8.3587E+0	-4.8012E+0	40.2316E-6
58.0720E+0	28.1467E+0	39.8200E+0	8.3890E+0	-4.7467E+0	40.9802E-6
58.2230E+0	29.1533E+0	39.4474E+0	8.3991E+0	-4.6966E+0	40.4964E-6
58.3735E+0	30.1567E+0	39.1151E+0	8.3789E+0	-4.6683E+0	40.0595E-6
58.5190E+0	31.1267E+0	39.0043E+0	8.3789E+0	-4.6550E+0	41.1450E-6
51.0005E+0	-18.9967E+0	-39.0245E+0	8.5098E+0	4.5858E+0	40.9931E-6
51.1760E+0	-17.8267E+0	-39.0245E+0	8.5098E+0	4.5858E+0	40.9931E-6
51.3230E+0	-16.8467E+0	-39.0547E+0	8.5400E+0	4.5731E+0	40.6199E-6
51.4775E+0	-15.8167E+0	-39.0346E+0	8.6105E+0	4.5334E+0	41.2062E-6
51.6250E+0	-14.8333E+0	-39.0950E+0	8.5803E+0	4.5564E+0	41.3276E-6
51.7755E+0	-13.8300E+0	-39.0950E+0	8.4998E+0	4.5995E+0	42.0418E-6
51.9240E+0	-12.8400E+0	-39.0950E+0	8.4796E+0	4.6105E+0	39.8153E-6
52.0755E+0	-11.8300E+0	-39.0950E+0	8.4796E+0	4.6105E+0	39.8153E-6
52.2245E+0	-10.8367E+0	-39.0849E+0	8.5602E+0	4.5659E+0	40.9982E-6
52.3770E+0	-9.8200E+0	-39.0849E+0	8.6005E+0	4.5445E+0	40.5573E-6
52.5275E+0	-8.8167E+0	-39.0547E+0	8.5904E+0	4.5463E+0	41.1795E-6
52.6735E+0	-7.8433E+0	-39.1051E+0	8.5400E+0	4.5790E+0	41.4379E-6
52.8245E+0	-6.8367E+0	-39.0447E+0	8.5400E+0	4.5720E+0	41.7767E-6
52.9760E+0	-5.8267E+0	-39.1051E+0	8.5501E+0	4.5736E+0	40.7187E-6
53.1240E+0	-4.8400E+0	-39.0950E+0	8.5400E+0	4.5778E+0	41.6150E-6
53.2745E+0	-3.8367E+0	-39.0547E+0	8.5803E+0	4.5517E+0	41.5607E-6
53.4250E+0	-2.8333E+0	-39.0547E+0	8.5803E+0	4.5517E+0	41.5607E-6
53.5750E+0	-1.8333E+0	-39.1051E+0	8.5803E+0	4.5575E+0	40.4296E-6
53.7265E+0	-823.3333E-3	-29.6687E+0	8.4796E+0	3.4988E+0	40.3766E-6
53.8765E+0	176.6667E-3	68.0788E+0	8.3688E+0	-8.1348E+0	39.6017E-6
54.0235E+0	1.1567E+0	108.0200E+0	8.3789E+0	-12.8919E+0	41.3369E-6
54.1765E+0	2.1767E+0	108.0200E+0	8.3789E+0	-12.8919E+0	41.3369E-6
54.3220E+0	3.1467E+0	78.1799E+0	8.4192E+0	-9.2859E+0	40.3463E-6
54.4755E+0	4.1700E+0	75.0478E+0	8.3890E+0	-8.9460E+0	40.8177E-6
54.6255E+0	5.1700E+0	67.5148E+0	8.3789E+0	-8.0577E+0	40.3594E-6
54.7770E+0	6.1800E+0	60.8681E+0	8.4091E+0	-7.2383E+0	40.8435E-6
54.9270E+0	7.1800E+0	62.8621E+0	8.4595E+0	-7.4310E+0	41.6608E-6
55.0760E+0	8.1733E+0	62.8621E+0	8.4595E+0	-7.4310E+0	41.6608E-6
55.2270E+0	9.1800E+0	63.3153E+0	8.3688E+0	-7.5656E+0	40.7294E-6
55.3765E+0	10.1767E+0	59.3575E+0	8.3084E+0	-7.1443E+0	41.2630E-6
55.5135E+0	11.0900E+0	54.7349E+0	8.3487E+0	-6.5561E+0	41.5757E-6
55.6640E+0	12.0933E+0	51.9353E+0	8.3285E+0	-6.2358E+0	41.9554E-6
55.8445E+0	13.2967E+0	48.7730E+0	8.4293E+0	-5.7861E+0	41.0159E-6
55.9670E+0	14.1133E+0	47.1214E+0	8.4998E+0	-5.5438E+0	41.3056E-6
56.1195E+0	15.1300E+0	47.1214E+0	8.4998E+0	-5.5438E+0	41.3056E-6
56.2915E+0	16.2767E+0	46.3761E+0	8.4998E+0	-5.4562E+0	40.4266E-6
56.4225E+0	17.1500E+0	46.2452E+0	8.5199E+0	-5.4279E+0	41.1473E-6
56.5755E+0	18.1700E+0	45.9834E+0	8.4394E+0	-5.4487E+0	41.5155E-6
56.7235E+0	19.1567E+0	45.7115E+0	8.4293E+0	-5.4229E+0	41.0392E-6
56.8755E+0	20.1700E+0	45.0267E+0	8.4494E+0	-5.3290E+0	41.6799E-6
57.0225E+0	21.1500E+0	43.9189E+0	8.4696E+0	-5.1855E+0	40.9483E-6
57.1690E+0	22.1267E+0	43.9189E+0	8.4696E+0	-5.1855E+0	40.9483E-6
57.3025E+0	23.0167E+0	43.0326E+0	8.4897E+0	-5.0688E+0	41.7066E-6
57.4960E+0	24.3067E+0	42.5593E+0	8.4192E+0	-5.0550E+0	40.6183E-6
57.6265E+0	25.1767E+0	42.3982E+0	8.3386E+0	-5.0846E+0	39.8182E-6
57.7745E+0	26.1633E+0	42.1263E+0	8.2580E+0	-5.1012E+0	40.8649E-6
57.9260E+0	27.1733E+0	41.6630E+0	8.2379E+0	-5.0575E+0	41.4707E-6
58.0730E+0	28.1533E+0	41.1595E+0	8.2278E+0	-5.0025E+0	40.8122E-6
58.2235E+0	29.1567E+0	41.1595E+0	8.2278E+0	-5.0025E+0	40.8122E-6
58.3745E+0	30.1633E+0	40.5048E+0	8.3084E+0	-4.8752E+0	40.9112E-6
58.5260E+0	31.1733E+0	39.3669E+0	8.4394E+0	-4.6647E+0	41.5418E-6
51.0005E+0	-18.9967E+0	-39.1655E+0	8.5300E+0	4.5915E+0	39.1301E-6
51.1705E+0	-17.8633E+0	-39.0749E+0	8.4998E+0	4.5972E+0	40.0452E-6
51.3265E+0	-16.8233E+0	-39.1252E+0	8.5098E+0	4.5976E+0	40.8772E-6
51.4770E+0	-15.8200E+0	-39.0749E+0	8.4494E+0	4.6246E+0	40.5678E-6
51.6250E+0	-14.8333E+0	-39.0749E+0	8.4494E+0	4.6246E+0	40.5678E-6
51.7755E+0	-13.8300E+0	-39.1454E+0	8.5098E+0	4.6000E+0	40.9656E-6
51.9240E+0	-12.8400E+0	-39.1353E+0	8.4998E+0	4.6043E+0	41.5760E-6
52.0725E+0	-11.8500E+0	-39.1655E+0	8.4796E+0	4.6188E+0	41.7808E-6
52.2250E+0	-10.8333E+0	-39.1454E+0	8.4897E+0	4.6109E+0	39.7691E-6
52.3745E+0	-9.8367E+0	-39.0849E+0	8.4595E+0	4.6202E+0	40.5451E-6
52.5245E+0	-8.8367E+0	-39.1252E+0	8.4897E+0	4.6085E+0	40.5722E-6
52.6755E+0	-7.8300E+0	-39.1252E+0	8.4897E+0	4.6085E+0	40.5722E-6
52.8265E+0	-6.8233E+0	-39.1655E+0	8.4595E+0	4.6298E+0	41.8826E-6
52.9710E+0	-5.8600E+0	-39.1353E+0	8.4595E+0	4.6262E+0	41.0622E-6
53.1230E+0	-4.8467E+0	-39.1151E+0	8.4696E+0	4.6183E+0	40.7395E-6
53.2745E+0	-3.8367E+0	-39.1252E+0	8.4998E+0	4.6031E+0	40.8731E-6
53.4265E+0	-2.8233E+0	-39.1554E+0	8.5501E+0	4.5795E+0	41.4746E-6
53.5750E+0	-1.8333E+0	-39.0648E+0	8.5703E+0	4.5582E+0	41.2749E-6
53.7275E+0	-816.6667E-3	-23.3040E+0	8.4998E+0	2.7417E+0	41.2878E-6
53.8775E+0	183.3333E-3	69.6298E+0	8.4091E+0	-8.2803E+0	41.3549E-6
54.0250E+0	1.1667E+0	69.6298E+0	8.4091E+0	-8.2803E+0	41.3549E-6
54.1765E+0	2.1767E+0	102.5710E+0	8.4696E+0	-12.1105E+0	42.3930E-6
54.3245E+0	3.1633E+0	76.8807E+0	8.4394E+0	-9.1098E+0	41.1635E-6
54.4760E+0	4.1733E+0	74.1918E+0	8.4595E+0	-8.7702E+0	41.5962E-6
54.6260E+0	5.1733E+0	66.1452E+0	8.3991E+0	-7.8753E+0	41.2846E-6
54.7760E+0	6.1733E+0	61.3515E+0	8.4494E+0	-7.2610E+0	41.5454E-6
54.9280E+0	7.1867E+0	63.3757E+0	8.4897E+0	-7.4650E+0	42.0752E-6
55.0770E+0	8.1800E+0	63.2046E+0	8.4595E+0	-7.4714E+0	42.2762E-6
55.2260E+0	9.1733E+0	63.2046E+0	8.4595E+0	-7.4714E+0	42.2762E-6
55.3760E+0	10.1733E+0	58.9748E+0	8.4091E+0	-7.0132E+0	41.2480E-6
55.5180E+0	11.1200E+0	54.0098E+0	8.4192E+0	-6.4151E+0	41.3471E-6
55.6770E+0	12.1800E+0	51.5828E+0	8.4796E+0	-6.0831E+0	42.2531E-6
55.8225E+0	13.1500E+0	49.5384E+0	8.3991E+0	-5.8981E+0	42.0344E-6
55.9750E+0	14.1667E+0	48.1486E+0	8.4293E+0	-5.7121E+0	41.5144E-6
56.1255E+0	15.1700E+0	47.2020E+0	8.4192E+0	-5.6065E+0	40.9707E-6
56.2775E+0	16.1833E+0	46.8092E+0	8.4091E+0	-5.5665E+0	41.6641E-6
56.4255E+0	17.1700E+0	46.8092E+0	8.4091E+0	-5.5665E+0	41.6641E-6
56.5740E+0	18.1600E+0	46.3459E+0	8.4192E+0	-5.5048E+0	41.8995E-6
56.7230E+0	19.1533E+0	45.8928E+0	8.3688E+0	-5.4838E+0	41.5220E-6
56.8740E+0	20.1600E+0	45.3187E+0	8.3789E+0	-5.4087E+0	41.6760E-6
57.0200E+0	21.1333E+0	44.2713E+0	8.4595E+0	-5.2333E+0	41.2207E-6
57.1790E+0	22.1933E+0	43.2240E+0	8.4394E+0	-5.1217E+0	40.8886E-6
57.3265E+0	23.1767E+0	42.4989E+0	8.3688E+0	-5.0782E+0	42.1229E-6
57.4775E+0	24.1833E+0	42.4989E+0	8.3688E+0	-5.0782E+0	42.1229E-6
57.6270E+0	25.1800E+0	41.8947E+0	8.3487E+0	-5.0181E+0	41.3157E-6
57.7730E+0	26.1533E+0	41.4213E+0	8.3587E+0	-4.9554E+0	40.9600E-6
57.9265E+0	27.1767E+0	40.9278E+0	8.3587E+0	-4.8964E+0	41.8439E-6
58.0730E+0	28.1533E+0	40.5048E+0	8.3991E+0	-4.8225E+0	42.0004E-6
58.2240E+0	29.1600E+0	40.0316E+0	8.3487E+0	-4.7950E+0	41.5607E-6
58.3740E+0	30.1600E+0	39.5381E+0	8.3688E+0	-4.7245E+0	40.9137E-6
58.5180E+0	31.1200E+0	39.5381E+0	8.3688E+0	-4.7245E+0	40.9137E-6
51.0005E+0	-18.9967E+0	-39.1051E+0	8.4494E+0	4.6281E+0	41.1210E-6
51.1775E+0	-17.8167E+0	-39.0849E+0	8.4696E+0	4.6147E+0	40.7725E-6
51.3270E+0	-16.8200E+0	-39.0849E+0	8.4796E+0	4.6093E+0	41.3854E-6
51.4760E+0	-15.8267E+0	-39.1051E+0	8.4494E+0	4.6281E+0	40.8415E-6
51.6260E+0	-14.8267E+0	-39.1454E+0	8.4897E+0	4.6109E+0	41.4618E-6
51.7760E+0	-13.8267E+0	-39.1353E+0	8.4998E+0	4.6043E+0	41.5575E-6
51.9235E+0	-12.8433E+0	-39.1353E+0	8.4998E+0	4.6043E+0	41.5575E-6
52.0775E+0	-11.8167E+0	-39.1051E+0	8.4696E+0	4.6171E+0	41.2338E-6
52.2235E+0	-10.8433E+0	-39.1151E+0	8.4897E+0	4.6074E+0	41.0159E-6
52.3740E+0	-9.8400E+0	-39.1051E+0	8.4998E+0	4.6007E+0	41.0522E-6
52.5280E+0	-8.8133E+0	-39.0547E+0	8.4696E+0	4.6112E+0	40.6680E-6
52.6740E+0	-7.8400E+0	-39.1051E+0	8.5400E+0	4.5790E+0	42.0893E-6
52.8260E+0	-6.8267E+0	-39.1353E+0	8.5199E+0	4.5934E+0	41.4763E-6
52.9750E+0	-5.8333E+0	-39.1353E+0	8.4796E+0	4.6152E+0	40.5298E-6
53.1255E+0	-4.8300E+0	-39.1353E+0	8.4796E+0	4.6152E+0	40.5298E-6
53.2750E+0	-3.8333E+0	-39.1353E+0	8.4796E+0	4.6152E+0	40.5916E-6
53.4255E+0	-2.8300E+0	-39.1051E+0	8.4394E+0	4.6337E+0	40.6874E-6
53.5765E+0	-1.8233E+0	-39.0950E+0	8.4796E+0	4.6105E+0	41.2836E-6
53.7260E+0	-826.6667E-3	-29.2860E+0	8.5098E+0	3.4414E+0	41.4364E-6
53.8780E+0	186.6667E-3	48.6522E+0	8.4394E+0	-5.7649E+0	40.7448E-6
54.0235E+0	1.1567E+0	110.3460E+0	8.3991E+0	-13.1379E+0	40.3185E-6
54.1770E+0	2.1800E+0	80.6070E+0	8.4192E+0	-9.5742E+0	41.1818E-6
54.3235E+0	3.1567E+0	80.6070E+0	8.4192E+0	-9.5742E+0	41.1818E-6
54.4745E+0	4.1633E+0	75.8031E+0	8.3991E+0	-9.0252E+0	40.7717E-6
54.6260E+0	5.1733E+0	69.2974E+0	8.3789E+0	-8.2704E+0	40.5999E-6
54.7750E+0	6.1667E+0	62.0263E+0	8.3285E+0	-7.4474E+0	40.7162E-6
54.9200E+0	7.1333E+0	63.0031E+0	8.3285E+0	-7.5647E+0	41.4602E-6
55.0790E+0	8.1933E+0	65.0475E+0	8.3285E+0	-7.8102E+0	41.0095E-6
55.2175E+0	9.1167E+0	62.6104E+0	8.3487E+0	-7.4994E+0	41.3675E-6
55.3780E+0	10.1867E+0	56.9304E+0	8.2681E+0	-6.8855E+0	41.9455E-6
55.5240E+0	11.1600E+0	54.3019E+0	8.2983E+0	-6.5437E+0	42.3381E-6
55.6755E+0	12.1700E+0	54.3019E+0	8.2983E+0	-6.5437E+0	42.3381E-6
55.8250E+0	13.1667E+0	52.0460E+0	8.2681E+0	-6.2948E+0	42.0207E-6
55.9750E+0	14.1667E+0	49.8405E+0	8.3587E+0	-5.9627E+0	41.3846E-6
56.1255E+0	15.1700E+0	48.7327E+0	8.3386E+0	-5.8442E+0	40.3958E-6
56.2775E+0	16.1833E+0	48.3904E+0	8.3789E+0	-5.7752E+0	40.5951E-6
56.4260E+0	17.1733E+0	48.0580E+0	8.3386E+0	-5.7633E+0	40.9119E-6
56.5755E+0	18.1700E+0	47.5444E+0	8.3084E+0	-5.7225E+0	40.7133E-6
56.7255E+0	19.1700E+0	47.5444E+0	8.3084E+0	-5.7225E+0	40.7133E-6
56.8720E+0	20.1467E+0	47.0610E+0	8.3185E+0	-5.6574E+0	41.8331E-6
57.0235E+0	21.1567E+0	45.9532E+0	8.2882E+0	-5.5444E+0	41.2617E-6
57.1760E+0	22.1733E+0	44.6037E+0	8.3386E+0	-5.3491E+0	41.4246E-6
57.3260E+0	23.1733E+0	43.1333E+0	8.2782E+0	-5.2105E+0	41.3791E-6
57.4770E+0	24.1800E+0	42.2270E+0	8.3688E+0	-5.0458E+0	41.0968E-6
57.6265E+0	25.1767E+0	41.5925E+0	8.3487E+0	-4.9819E+0	41.6923E-6
57.7750E+0	26.1667E+0	41.2602E+0	8.2882E+0	-4.9782E+0	42.2714E-6
57.9250E+0	27.1667E+0	41.2602E+0	8.2882E+0	-4.9782E+0	42.2714E-6
58.0695E+0	28.1300E+0	41.0285E+0	8.3285E+0	-4.9263E+0	41.8235E-6
58.2270E+0	29.1800E+0	40.5653E+0	8.2983E+0	-4.8884E+0	41.0010E-6
58.3725E+0	30.1500E+0	40.0920E+0	8.3285E+0	-4.8138E+0	40.7169E-6
58.5145E+0	31.0967E+0	39.6589E+0	8.3386E+0	-4.7561E+0	40.1624E-6
51.0005E+0	-18.9967E+0	-39.0547E+0	8.4091E+0	4.6443E+0	40.7035E-6
51.1770E+0	-17.8200E+0	-39.1353E+0	8.4394E+0	4.6372E+0	41.9594E-6
51.3285E+0	-16.8100E+0	-39.0849E+0	8.4595E+0	4.6202E+0	41.3914E-6
51.4760E+0	-15.8267E+0	-39.0547E+0	8.4696E+0	4.6112E+0	41.5910E-6
51.6250E+0	-14.8333E+0	-39.0547E+0	8.4696E+0	4.6112E+0	41.5910E-6
51.7755E+0	-13.8300E+0	-39.0346E+0	8.5602E+0	4.5600E+0	40.9004E-6
51.9240E+0	-12.8400E+0	-39.0950E+0	8.4796E+0	4.6105E+0	40.7079E-6
52.0770E+0	-11.8200E+0	-39.0849E+0	8.4998E+0	4.5983E+0	41.5098E-6
52.2240E+0	-10.8400E+0	-38.9641E+0	8.4394E+0	4.6170E+0	41.0939E-6
52.3785E+0	-9.8100E+0	-39.0648E+0	8.5199E+0	4.5851E+0	41.0140E-6
52.5260E+0	-8.8267E+0	-39.1252E+0	8.5703E+0	4.5652E+0	41.0501E-6
52.6740E+0	-7.8400E+0	-39.1252E+0	8.5703E+0	4.5652E+0	41.0501E-6
52.8260E+0	-6.8267E+0	-39.0547E+0	8.4394E+0	4.6277E+0	41.3628E-6
52.9730E+0	-5.8467E+0	-39.0547E+0	8.4394E+0	4.6277E+0	41.3628E-6
53.1225E+0	-4.8500E+0	-39.0447E+0	8.4796E+0	4.6045E+0	41.4534E-6
53.2745E+0	-3.8367E+0	-39.1756E+0	8.4091E+0	4.6587E+0	40.3645E-6
53.4265E+0	-2.8233E+0	-39.0849E+0	8.3991E+0	4.6535E+0	41.3379E-6
53.5750E+0	-1.8333E+0	-38.9842E+0	8.4293E+0	4.6249E+0	41.8398E-6
53.7260E+0	-826.6667E-3	-16.0731E+0	8.4394E+0	1.9045E+0	43.4660E-6
53.8725E+0	150.0000E-3	99.3891E+0	8.3084E+0	-11.9625E+0	42.3485E-6
54.0225E+0	1.1500E+0	99.3891E+0	8.3084E+0	-11.9625E+0	42.3485E-6
54.1765E+0	2.1767E+0	95.9146E+0	8.3991E+0	-11.4197E+0	42.1773E-6
54.3220E+0	3.1467E+0	76.4175E+0	8.3789E+0	-9.1202E+0	42.1250E-6
54.4745E+0	4.1633E+0	75.2895E+0	8.2983E+0	-9.0729E+0	42.4122E-6
54.6245E+0	5.1633E+0	68.4917E+0	8.2882E+0	-8.2637E+0	41.7172E-6
54.7760E+0	6.1733E+0	62.0263E+0	8.2782E+0	-7.4927E+0	41.3666E-6
54.9255E+0	7.1700E+0	63.2851E+0	8.2882E+0	-7.6355E+0	41.6098E-6
55.0765E+0	8.1767E+0	64.1713E+0	8.3688E+0	-7.6679E+0	41.2269E-6
55.2220E+0	9.1467E+0	60.4350E+0	8.3084E+0	-7.2740E+0	41.2952E-6
55.3745E+0	10.1633E+0	60.4350E+0	8.3084E+0	-7.2740E+0	41.2952E-6
55.5100E+0	11.0667E+0	56.5074E+0	8.2882E+0	-6.8178E+0	40.7229E-6
55.6795E+0	12.1967E+0	54.2012E+0	8.2983E+0	-6.5316E+0	41.8526E-6
55.8205E+0	13.1367E+0	51.7641E+0	8.3688E+0	-6.1854E+0	41.8171E-6
55.9755E+0	14.1700E+0	49.5182E+0	8.3890E+0	-5.9028E+0	41.0058E-6
56.1240E+0	15.1600E+0	48.4810E+0	8.4192E+0	-5.7584E+0	40.6766E-6
56.2775E+0	16.1833E+0	48.1788E+0	8.3487E+0	-5.7708E+0	41.5789E-6
56.4240E+0	17.1600E+0	47.9875E+0	8.4091E+0	-5.7066E+0	42.3979E-6
56.5745E+0	18.1633E+0	47.6048E+0	8.3991E+0	-5.6679E+0	40.9110E-6
56.7260E+0	19.1733E+0	47.1416E+0	8.3487E+0	-5.6466E+0	41.5307E-6
56.8750E+0	20.1667E+0	47.1416E+0	8.3487E+0	-5.6466E+0	41.5307E-6
57.0265E+0	21.1767E+0	46.0740E+0	8.3185E+0	-5.5388E+0	41.2368E-6
57.1710E+0	22.1400E+0	44.9864E+0	8.3487E+0	-5.3885E+0	41.5506E-6
57.2970E+0	22.9800E+0	43.8081E+0	8.3185E+0	-5.2664E+0	41.8179E-6
57.4840E+0	24.2267E+0	43.0226E+0	8.3084E+0	-5.1782E+0	41.1273E-6
57.6245E+0	25.1633E+0	42.1968E+0	8.3688E+0	-5.0422E+0	41.5480E-6
57.7745E+0	26.1633E+0	41.6328E+0	8.4192E+0	-4.9450E+0	40.9469E-6
57.9260E+0	27.1733E+0	41.6328E+0	8.4192E+0	-4.9450E+0	40.9469E-6
58.0740E+0	28.1600E+0	40.9278E+0	8.3587E+0	-4.8964E+0	40.5996E-6
58.2235E+0	29.1567E+0	40.2330E+0	8.3789E+0	-4.8017E+0	41.2965E-6
58.3750E+0	30.1667E+0	39.4575E+0	8.4494E+0	-4.6698E+0	39.5501E-6
58.5245E+0	31.1633E+0	38.7828E+0	8.4796E+0	-4.5736E+0	40.3193E-6
51.0005E+0	-18.9967E+0	-39.0648E+0	8.6005E+0	4.5422E+0	40.9765E-6
51.1770E+0	-17.8200E+0	-39.1151E+0	8.5703E+0	4.5641E+0	41.4519E-6
51.3270E+0	-16.8200E+0	-39.1151E+0	8.4998E+0	4.6019E+0	41.4047E-6
51.4755E+0	-15.8300E+0	-39.0547E+0	8.5400E+0	4.5731E+0	41.1125E-6
51.6210E+0	-14.8600E+0	-39.1252E+0	8.4998E+0	4.6031E+0	41.4664E-6
51.7755E+0	-13.8300E+0	-39.1252E+0	8.4998E+0	4.6031E+0	41.4664E-6
51.9240E+0	-12.8400E+0	-39.0547E+0	8.4897E+0	4.6002E+0	41.5156E-6
52.0710E+0	-11.8600E+0	-39.0447E+0	8.4696E+0	4.6100E+0	42.0864E-6
52.2250E+0	-10.8333E+0	-39.0346E+0	8.5098E+0	4.5870E+0	41.9127E-6
52.3730E+0	-9.8467E+0	-39.0346E+0	8.5098E+0	4.5870E+0	41.9395E-6
52.5275E+0	-8.8167E+0	-39.1353E+0	8.5300E+0	4.5880E+0	42.2206E-6
52.6750E+0	-7.8333E+0	-39.0144E+0	8.4696E+0	4.6064E+0	41.6026E-6
52.8260E+0	-6.8267E+0	-39.0144E+0	8.4696E+0	4.6064E+0	41.6026E-6
52.9750E+0	-5.8333E+0	-39.0447E+0	8.4796E+0	4.6045E+0	41.9042E-6
53.1245E+0	-4.8367E+0	-39.0447E+0	8.4998E+0	4.5936E+0	41.9930E-6
53.2740E+0	-3.8400E+0	-39.0245E+0	8.5300E+0	4.5750E+0	42.3068E-6
53.4250E+0	-2.8333E+0	-39.0144E+0	8.4796E+0	4.6010E+0	42.3118E-6
53.5765E+0	-1.8233E+0	-38.7929E+0	8.5501E+0	4.5371E+0	42.8212E-6
53.7265E+0	-823.3333E-3	-20.5747E+0	8.4897E+0	2.4235E+0	42.7309E-6
53.8770E+0	180.0000E-3	-20.5747E+0	8.4897E+0	2.4235E+0	42.7309E-6
54.0235E+0	1.1567E+0	96.6699E+0	8.3991E+0	-11.5096E+0	42.0875E-6
54.1780E+0	2.1867E+0	97.7374E+0	8.4796E+0	-11.5261E+0	42.0724E-6
54.3235E+0	3.1567E+0	74.5141E+0	8.4897E+0	-8.7770E+0	42.4128E-6
54.4675E+0	4.1167E+0	72.7517E+0	8.3789E+0	-8.6827E+0	41.6151E-6
54.6295E+0	5.1967E+0	64.3324E+0	8.3991E+0	-7.6595E+0	42.2982E-6
54.7765E+0	6.1767E+0	61.1601E+0	8.4494E+0	-7.2384E+0	42.6056E-6
54.9260E+0	7.1733E+0	63.9296E+0	8.3890E+0	-7.6206E+0	43.3979E-6
55.0775E+0	8.1833E+0	63.5067E+0	8.3991E+0	-7.5612E+0	42.0682E-6
55.2235E+0	9.1567E+0	63.5067E+0	8.3991E+0	-7.5612E+0	42.0682E-6
55.3735E+0	10.1567E+0	59.6596E+0	8.3991E+0	-7.1031E+0	41.7962E-6
55.5250E+0	11.1667E+0	56.2959E+0	8.4091E+0	-6.6946E+0	42.2830E-6
55.6745E+0	12.1633E+0	53.8286E+0	8.3587E+0	-6.4398E+0	41.8274E-6
55.8230E+0	13.1533E+0	51.5022E+0	8.3185E+0	-6.1913E+0	42.2041E-6
55.9650E+0	14.1000E+0	49.2161E+0	8.3587E+0	-5.8880E+0	42.5530E-6
56.1365E+0	15.2433E+0	48.2292E+0	8.3789E+0	-5.7560E+0	42.6759E-6
56.2735E+0	16.1567E+0	48.2292E+0	8.3789E+0	-5.7560E+0	42.6759E-6
56.4265E+0	17.1767E+0	47.6048E+0	8.4494E+0	-5.6341E+0	42.1566E-6
56.5745E+0	18.1633E+0	46.7387E+0	8.4293E+0	-5.5448E+0	43.2282E-6
56.7260E+0	19.1733E+0	46.7387E+0	8.4293E+0	-5.5448E+0	41.7116E-6
56.8750E+0	20.1667E+0	46.2150E+0	8.3991E+0	-5.5024E+0	41.0172E-6
57.0250E+0	21.1667E+0	44.9562E+0	8.4192E+0	-5.3397E+0	41.4998E-6
57.1750E+0	22.1667E+0	43.7174E+0	8.4091E+0	-5.1988E+0	40.6673E-6
57.3065E+0	23.0433E+0	42.7607E+0	8.4192E+0	-5.0789E+0	41.7012E-6
57.4870E+0	24.2467E+0	42.1162E+0	8.3991E+0	-5.0144E+0	41.7520E-6
57.6250E+0	25.1667E+0	41.2602E+0	8.4394E+0	-4.8890E+0	41.4119E-6
57.7750E+0	26.1667E+0	40.6358E+0	8.3789E+0	-4.8498E+0	40.0062E-6
57.9255E+0	27.1700E+0	40.6358E+0	8.3789E+0	-4.8498E+0	40.0062E-6
58.0740E+0	28.1600E+0	40.0316E+0	8.3587E+0	-4.7892E+0	41.4836E-6
58.2230E+0	29.1533E+0	39.6186E+0	8.3890E+0	-4.7227E+0	40.6453E-6
58.3745E+0	30.1633E+0	39.5179E+0	8.3587E+0	-4.7277E+0	41.5255E-6
58.5250E+0	31.1667E+0	39.1755E+0	8.3487E+0	-4.6924E+0	41.4845E-6
51.0005E+0	-18.9967E+0	-39.1252E+0	8.4394E+0	4.6360E+0	41.1213E-6
51.1745E+0	-17.8367E+0	-39.0749E+0	8.3890E+0	4.6579E+0	41.4063E-6
51.3255E+0	-16.8300E+0	-39.0749E+0	8.4192E+0	4.6412E+0	40.4005E-6
51.4745E+0	-15.8367E+0	-39.1151E+0	8.4696E+0	4.6183E+0	41.5935E-6
51.6260E+0	-14.8267E+0	-39.0749E+0	8.4796E+0	4.6081E+0	41.6594E-6
51.7745E+0	-13.8367E+0	-39.0346E+0	8.3789E+0	4.6587E+0	41.1715E-6
51.9250E+0	-12.8333E+0	-39.0346E+0	8.3789E+0	4.6587E+0	41.1715E-6
52.0770E+0	-11.8200E+0	-39.1051E+0	8.4091E+0	4.6503E+0	41.2103E-6
52.2280E+0	-10.8133E+0	-39.0950E+0	8.4696E+0	4.6159E+0	41.0909E-6
52.3770E+0	-9.8200E+0	-39.0950E+0	8.4998E+0	4.5995E+0	41.6253E-6
52.5255E+0	-8.8300E+0	-39.0447E+0	8.3890E+0	4.6543E+0	41.2149E-6
52.6755E+0	-7.8300E+0	-39.1051E+0	8.4998E+0	4.6007E+0	41.5656E-6
52.8245E+0	-6.8367E+0	-39.0044E+0	8.4595E+0	4.6107E+0	40.7108E-6
52.9725E+0	-5.8500E+0	-39.0044E+0	8.4595E+0	4.6107E+0	40.7108E-6
53.1245E+0	-4.8367E+0	-39.0447E+0	8.4998E+0	4.5936E+0	39.8929E-6
53.2735E+0	-3.8433E+0	-39.0950E+0	8.5703E+0	4.5617E+0	40.1039E-6
53.4250E+0	-2.8333E+0	-39.1252E+0	8.5501E+0	4.5760E+0	40.9735E-6
53.5780E+0	-1.8133E+0	-39.1051E+0	8.4796E+0	4.6117E+0	41.3379E-6
53.7275E+0	-816.6667E-3	-28.2286E+0	8.5400E+0	3.3054E+0	40.2559E-6
53.8780E+0	186.6667E-3	-28.2286E+0	8.5400E+0	3.3054E+0	40.2559E-6
54.0245E+0	1.1633E+0	102.1180E+0	8.3688E+0	-12.2022E+0	40.4438E-6
54.1760E+0	2.1733E+0	96.2973E+0	8.3688E+0	-11.5067E+0	41.2491E-6
54.3230E+0	3.1533E+0	76.9412E+0	8.3789E+0	-9.1827E+0	40.2523E-6
54.4730E+0	4.1533E+0	76.1355E+0	8.2580E+0	-9.2196E+0	41.3619E-6
54.6255E+0	5.1700E+0	68.7838E+0	8.2681E+0	-8.3192E+0	41.7597E-6
54.7755E+0	6.1700E+0	62.8420E+0	8.3285E+0	-7.5454E+0	41.4128E-6
54.9260E+0	7.1733E+0	64.8561E+0	8.2882E+0	-7.8251E+0	41.1549E-6
55.0765E+0	8.1767E+0	65.4503E+0	8.3185E+0	-7.8681E+0	41.5210E-6
55.2280E+0	9.1867E+0	61.7241E+0	8.2983E+0	-7.4381E+0	41.1366E-6
55.3740E+0	10.1600E+0	57.2526E+0	8.2882E+0	-6.9077E+0	40.4609E-6
55.5010E+0	11.0067E+0	54.2516E+0	8.3487E+0	-6.4982E+0	41.3682E-6
55.6980E+0	12.3200E+0	54.2516E+0	8.3487E+0	-6.4982E+0	41.3682E-6
55.8150E+0	13.1000E+0	51.1900E+0	8.4293E+0	-6.0729E+0	41.2333E-6
55.9760E+0	14.1733E+0	49.3571E+0	8.4394E+0	-5.8484E+0	41.5775E-6
56.1200E+0	15.1333E+0	48.4608E+0	8.3688E+0	-5.7906E+0	41.3712E-6
56.2830E+0	16.2200E+0	48.0681E+0	8.2882E+0	-5.7995E+0	40.5420E-6
56.4230E+0	17.1533E+0	47.8062E+0	8.2882E+0	-5.7679E+0	41.8399E-6
56.5765E+0	18.1767E+0	47.1315E+0	8.3487E+0	-5.6454E+0	42.2589E-6
56.7255E+0	19.1700E+0	47.1315E+0	8.3487E+0	-5.6454E+0	42.2589E-6
56.8750E+0	20.1667E+0	46.4165E+0	8.3991E+0	-5.5264E+0	41.0917E-6
57.0270E+0	21.1800E+0	45.3792E+0	8.3084E+0	-5.4619E+0	42.3223E-6
57.1740E+0	22.1600E+0	44.3418E+0	8.4192E+0	-5.2667E+0	42.4463E-6
57.3090E+0	23.0600E+0	43.1938E+0	8.4192E+0	-5.1304E+0	42.1456E-6
57.4800E+0	24.2000E+0	42.3579E+0	8.4091E+0	-5.0371E+0	43.2850E-6
57.6260E+0	25.1733E+0	41.4314E+0	8.4394E+0	-4.9093E+0	42.5470E-6
57.7760E+0	26.1733E+0	40.8674E+0	8.4192E+0	-4.8541E+0	41.7374E-6
57.9260E+0	27.1733E+0	40.8674E+0	8.4192E+0	-4.8541E+0	41.7374E-6
58.0735E+0	28.1567E+0	40.2430E+0	8.3890E+0	-4.7971E+0	41.0173E-6
58.2225E+0	29.1500E+0	39.8100E+0	8.4494E+0	-4.7116E+0	41.6077E-6
58.3750E+0	30.1667E+0	39.3971E+0	8.4192E+0	-4.6794E+0	40.5644E-6
58.5250E+0	31.1667E+0	39.1453E+0	8.4494E+0	-4.6329E+0	40.1601E-6
51.0005E+0	-18.9967E+0	-38.9742E+0	8.5602E+0	4.5530E+0	41.0012E-6
51.1750E+0	-17.8333E+0	-39.0648E+0	8.5602E+0	4.5635E+0	41.5048E-6
51.3255E+0	-16.8300E+0	-38.9943E+0	8.5300E+0	4.5714E+0	42.3345E-6
51.4755E+0	-15.8300E+0	-38.9943E+0	8.5300E+0	4.5714E+0	42.3345E-6
51.6260E+0	-14.8267E+0	-39.0447E+0	8.4998E+0	4.5936E+0	41.2698E-6
51.7745E+0	-13.8367E+0	-39.1454E+0	8.4494E+0	4.6329E+0	40.3752E-6
51.9245E+0	-12.8367E+0	-39.0346E+0	8.4494E+0	4.6198E+0	40.6491E-6
52.0765E+0	-11.8233E+0	-39.0849E+0	8.4897E+0	4.6038E+0	40.5107E-6
52.2265E+0	-10.8233E+0	-39.0950E+0	8.5199E+0	4.5887E+0	42.0743E-6
52.3750E+0	-9.8333E+0	-39.0144E+0	8.4998E+0	4.5901E+0	41.1270E-6
52.5265E+0	-8.8233E+0	-39.0144E+0	8.4998E+0	4.5901E+0	41.1270E-6
52.6755E+0	-7.8300E+0	-39.0144E+0	8.4696E+0	4.6064E+0	41.0260E-6
52.8240E+0	-6.8400E+0	-39.0447E+0	8.4897E+0	4.5991E+0	40.7001E-6
52.9735E+0	-5.8433E+0	-38.9842E+0	8.5199E+0	4.5757E+0	41.8569E-6
53.1250E+0	-4.8333E+0	-39.0346E+0	8.4897E+0	4.5979E+0	41.3817E-6
53.2750E+0	-3.8333E+0	-39.0950E+0	8.3890E+0	4.6603E+0	41.3569E-6
53.4240E+0	-2.8400E+0	-39.0447E+0	8.4595E+0	4.6155E+0	42.6083E-6
53.5765E+0	-1.8233E+0	-38.8231E+0	8.5300E+0	4.5514E+0	42.4538E-6
53.7275E+0	-816.6667E-3	-19.8698E+0	8.4595E+0	2.3488E+0	42.6271E-6
53.8775E+0	183.3333E-3	92.8229E+0	8.3487E+0	-11.1183E+0	41.1746E-6
54.0245E+0	1.1633E+0	92.8229E+0	8.3487E+0	-11.1183E+0	41.1746E-6
54.1760E+0	2.1733E+0	93.4775E+0	8.4796E+0	-11.0238E+0	41.0893E-6
54.3225E+0	3.1500E+0	75.7226E+0	8.4696E+0	-8.9406E+0	41.6028E-6
54.4750E+0	4.1667E+0	73.4667E+0	8.3487E+0	-8.7998E+0	41.4960E-6
54.6245E+0	5.1633E+0	66.0747E+0	8.3386E+0	-7.9240E+0	42.5058E-6
54.7755E+0	6.1700E+0	61.2307E+0	8.4192E+0	-7.2727E+0	42.6031E-6
54.9235E+0	7.1567E+0	63.1441E+0	8.4394E+0	-7.4821E+0	42.8035E-6
55.0765E+0	8.1767E+0	64.1310E+0	8.3991E+0	-7.6355E+0	43.0846E-6
55.2235E+0	9.1567E+0	60.8782E+0	8.4494E+0	-7.2050E+0	41.9194E-6
55.3740E+0	10.1600E+0	56.3866E+0	8.3587E+0	-6.7458E+0	41.8012E-6
55.5090E+0	11.0600E+0	53.8789E+0	8.4192E+0	-6.3995E+0	41.1711E-6
55.6865E+0	12.2433E+0	53.8789E+0	8.4192E+0	-6.3995E+0	41.1711E-6
55.8215E+0	13.1433E+0	51.6432E+0	8.3789E+0	-6.1635E+0	41.6733E-6
55.9770E+0	14.1800E+0	49.6593E+0	8.3890E+0	-5.9196E+0	41.8253E-6
56.1245E+0	15.1633E+0	48.6522E+0	8.3688E+0	-5.8135E+0	41.4284E-6
56.2780E+0	16.1867E+0	48.2695E+0	8.3386E+0	-5.7887E+0	41.8544E-6
56.4265E+0	17.1767E+0	47.7660E+0	8.2882E+0	-5.7631E+0	41.5304E-6
56.5680E+0	18.1200E+0	47.1818E+0	8.3084E+0	-5.6788E+0	42.1346E-6
56.7315E+0	19.2100E+0	47.1818E+0	8.3084E+0	-5.6788E+0	42.1346E-6
56.8735E+0	20.1567E+0	46.5977E+0	8.3587E+0	-5.5747E+0	41.2970E-6
57.0260E+0	21.1733E+0	45.6208E+0	8.4091E+0	-5.4251E+0	41.4425E-6
57.1605E+0	22.0700E+0	44.2512E+0	8.4091E+0	-5.2623E+0	42.0966E-6
57.3380E+0	23.2533E+0	43.3449E+0	8.3386E+0	-5.1981E+0	43.3738E-6
57.4735E+0	24.1567E+0	42.5089E+0	8.3587E+0	-5.0856E+0	41.8140E-6
57.6215E+0	25.1433E+0	42.0357E+0	8.3890E+0	-5.0108E+0	41.9178E-6
57.7680E+0	26.1200E+0	41.5019E+0	8.3587E+0	-4.9651E+0	41.7092E-6
57.9340E+0	27.2267E+0	41.0890E+0	8.4394E+0	-4.8687E+0	40.7039E-6
58.0695E+0	28.1300E+0	41.0890E+0	8.4394E+0	-4.8687E+0	40.7039E-6
58.2250E+0	29.1667E+0	40.5753E+0	8.4091E+0	-4.8251E+0	41.7437E-6
58.3735E+0	30.1567E+0	40.0718E+0	8.2983E+0	-4.8289E+0	40.8498E-6
58.5200E+0	31.1333E+0	39.5784E+0	8.3890E+0	-4.7179E+0	41.8524E-6
51.0005E+0	-18.9967E+0	-39.0950E+0	8.4998E+0	4.5995E+0	41.0380E-6
51.1725E+0	-17.8500E+0	-39.0950E+0	8.4998E+0	4.5995E+0	41.0380E-6
51.3270E+0	-16.8200E+0	-39.0547E+0	8.4796E+0	4.6057E+0	40.9608E-6
51.4765E+0	-15.8233E+0	-39.1051E+0	8.4696E+0	4.6171E+0	39.9422E-6
51.6245E+0	-14.8367E+0	-39.0447E+0	8.4796E+0	4.6045E+0	41.1580E-6
51.7745E+0	-13.8367E+0	-39.0245E+0	8.4696E+0	4.6076E+0	41.4759E-6
51.9235E+0	-12.8433E+0	-39.0749E+0	8.5501E+0	4.5701E+0	41.0270E-6
52.0745E+0	-11.8367E+0	-39.1051E+0	8.5098E+0	4.5953E+0	41.4780E-6
52.2265E+0	-10.8233E+0	-39.0648E+0	8.5199E+0	4.5851E+0	42.3451E-6
52.3775E+0	-9.8167E+0	-39.0648E+0	8.5199E+0	4.5851E+0	42.3451E-6
52.5260E+0	-8.8267E+0	-38.9943E+0	8.5300E+0	4.5714E+0	42.1975E-6
52.6770E+0	-7.8200E+0	-39.0346E+0	8.5098E+0	4.5870E+0	41.5891E-6
52.8260E+0	-6.8267E+0	-39.0044E+0	8.4796E+0	4.5998E+0	40.7594E-6
52.9750E+0	-5.8333E+0	-39.0547E+0	8.5904E+0	4.5463E+0	41.2511E-6
53.1245E+0	-4.8367E+0	-39.0447E+0	8.6005E+0	4.5398E+0	41.2442E-6
53.2765E+0	-3.8233E+0	-39.0648E+0	8.5703E+0	4.5582E+0	41.5822E-6
53.4250E+0	-2.8333E+0	-39.0648E+0	8.5703E+0	4.5582E+0	41.5822E-6
53.5775E+0	-1.8167E+0	-39.0346E+0	8.4998E+0	4.5924E+0	40.8331E-6
53.7275E+0	-816.6667E-3	-37.4837E+0	8.4595E+0	4.4310E+0	40.8541E-6
53.8775E+0	183.3333E-3	39.0144E+0	8.4494E+0	-4.6174E+0	40.9441E-6
54.0250E+0	1.1667E+0	113.8910E+0	8.4293E+0	-13.5114E+0	41.1269E-6
54.1765E+0	2.1767E+0	79.3582E+0	8.4595E+0	-9.3810E+0	40.4000E-6
54.3230E+0	3.1533E+0	74.6752E+0	8.4293E+0	-8.8590E+0	42.4476E-6
54.4760E+0	4.1733E+0	74.6752E+0	8.4293E+0	-8.8590E+0	42.4476E-6
54.6260E+0	5.1733E+0	69.6902E+0	8.4091E+0	-8.2874E+0	41.3380E-6
54.7770E+0	6.1800E+0	62.0363E+0	8.3890E+0	-7.3950E+0	41.6030E-6
54.9240E+0	7.1600E+0	63.2348E+0	8.4091E+0	-7.5198E+0	41.5259E-6
55.0770E+0	8.1800E+0	64.9870E+0	8.3084E+0	-7.8219E+0	42.3179E-6
55.2200E+0	9.1333E+0	61.8349E+0	8.2983E+0	-7.4515E+0	42.2759E-6
55.3765E+0	10.1767E+0	58.0785E+0	8.3084E+0	-6.9903E+0	41.2518E-6
55.5230E+0	11.1533E+0	54.5537E+0	8.3285E+0	-6.5502E+0	41.9856E-6
55.6745E+0	12.1633E+0	54.5537E+0	8.3285E+0	-6.5502E+0	41.9856E-6
55.8255E+0	13.1700E+0	52.3985E+0	8.2983E+0	-6.3144E+0	41.7085E-6
55.9750E+0	14.1667E+0	50.1829E+0	8.3487E+0	-6.0109E+0	41.2710E-6
56.1245E+0	15.1633E+0	49.2464E+0	8.3285E+0	-5.9130E+0	40.4211E-6
56.2785E+0	16.1900E+0	48.8636E+0	8.3084E+0	-5.8812E+0	41.6608E-6
56.4260E+0	17.1733E+0	48.2997E+0	8.3285E+0	-5.7993E+0	40.7461E-6
56.5735E+0	18.1567E+0	47.6149E+0	8.3587E+0	-5.6964E+0	40.6857E-6
56.7245E+0	19.1633E+0	47.0307E+0	8.4293E+0	-5.5794E+0	41.9738E-6
56.8760E+0	20.1733E+0	45.8424E+0	8.4091E+0	-5.4515E+0	41.9025E-6
57.0250E+0	21.1667E+0	45.8424E+0	8.4091E+0	-5.4515E+0	41.9025E-6
57.1620E+0	22.0800E+0	44.6239E+0	8.4091E+0	-5.3066E+0	41.8654E-6
57.3380E+0	23.2533E+0	43.3751E+0	8.4293E+0	-5.1458E+0	41.7980E-6
57.4750E+0	24.1667E+0	42.5593E+0	8.4494E+0	-5.0369E+0	41.6761E-6
57.6270E+0	25.1800E+0	41.4012E+0	8.4897E+0	-4.8766E+0	41.5612E-6
57.7750E+0	26.1667E+0	40.4746E+0	8.5400E+0	-4.7394E+0	42.6711E-6
57.9265E+0	27.1767E+0	39.4777E+0	8.5199E+0	-4.6336E+0	42.0635E-6
58.0735E+0	28.1567E+0	38.9942E+0	8.4595E+0	-4.6095E+0	41.2389E-6
58.2235E+0	29.1567E+0	38.8432E+0	8.4494E+0	-4.5971E+0	40.9192E-6
58.3745E+0	30.1633E+0	38.8432E+0	8.4494E+0	-4.5971E+0	40.9192E-6
58.5245E+0	31.1633E+0	38.7324E+0	8.3991E+0	-4.6115E+0	42.3399E-6
51.0005E+0	-18.9967E+0	-38.9238E+0	8.4494E+0	4.6067E+0	41.4516E-6
51.1750E+0	-17.8333E+0	-39.0346E+0	8.3890E+0	4.6531E+0	40.9640E-6
51.3270E+0	-16.8200E+0	-39.0749E+0	8.3890E+0	4.6579E+0	40.5775E-6
51.4760E+0	-15.8267E+0	-38.9943E+0	8.3890E+0	4.6483E+0	40.9924E-6
51.6260E+0	-14.8267E+0	-39.0749E+0	8.4394E+0	4.6301E+0	41.6486E-6
51.7750E+0	-13.8333E+0	-39.0447E+0	8.4796E+0	4.6045E+0	41.1130E-6
51.9245E+0	-12.8367E+0	-39.0447E+0	8.4796E+0	4.6045E+0	41.1130E-6
52.0740E+0	-11.8400E+0	-38.9641E+0	8.5199E+0	4.5733E+0	41.4546E-6
52.2265E+0	-10.8233E+0	-38.9742E+0	8.4494E+0	4.6126E+0	41.5684E-6
52.3780E+0	-9.8133E+0	-39.0447E+0	8.4494E+0	4.6210E+0	40.8216E-6
52.5240E+0	-8.8400E+0	-38.9742E+0	8.4394E+0	4.6182E+0	41.2688E-6
52.6740E+0	-7.8400E+0	-39.0346E+0	8.5904E+0	4.5440E+0	41.5327E-6
52.8260E+0	-6.8267E+0	-39.0749E+0	8.6408E+0	4.5222E+0	40.4532E-6
52.9690E+0	-5.8733E+0	-39.0749E+0	8.6408E+0	4.5222E+0	40.4532E-6
53.1220E+0	-4.8533E+0	-39.1353E+0	8.6206E+0	4.5397E+0	40.4256E-6
53.2740E+0	-3.8400E+0	-39.0648E+0	8.5904E+0	4.5475E+0	41.4835E-6
53.4255E+0	-2.8300E+0	-38.9842E+0	8.5300E+0	4.5703E+0	41.8310E-6
53.5770E+0	-1.8200E+0	-38.8130E+0	8.5501E+0	4.5395E+0	40.6768E-6
53.7255E+0	-830.0000E-3	-25.1771E+0	8.5803E+0	2.9343E+0	41.4627E-6
53.8690E+0	126.6667E-3	82.7117E+0	8.4897E+0	-9.7426E+0	41.5877E-6
54.0300E+0	1.2000E+0	106.5190E+0	8.4998E+0	-12.5320E+0	41.1285E-6
54.1675E+0	2.1167E+0	106.5190E+0	8.4998E+0	-12.5320E+0	41.1285E-6
54.3025E+0	3.0167E+0	76.8505E+0	8.5400E+0	-8.9988E+0	41.1892E-6
54.4830E+0	4.2200E+0	73.8897E+0	8.4394E+0	-8.7554E+0	40.4682E-6
54.6235E+0	5.1567E+0	65.8330E+0	8.4998E+0	-7.7453E+0	42.2496E-6
54.7745E+0	6.1633E+0	60.4753E+0	8.4796E+0	-7.1318E+0	41.9408E-6
54.9270E+0	7.1800E+0	62.1672E+0	8.4696E+0	-7.3401E+0	41.6868E-6
55.0755E+0	8.1700E+0	63.2046E+0	8.4192E+0	-7.5072E+0	42.0138E-6
55.2250E+0	9.1667E+0	59.2064E+0	8.4595E+0	-6.9988E+0	41.9058E-6
55.3770E+0	10.1800E+0	59.2064E+0	8.4595E+0	-6.9988E+0	41.9058E-6
55.5235E+0	11.1567E+0	55.6011E+0	8.3789E+0	-6.6358E+0	41.9760E-6
55.6745E+0	12.1633E+0	52.6301E+0	8.4192E+0	-6.2512E+0	42.8942E-6
55.8230E+0	13.1533E+0	50.3743E+0	8.4998E+0	-5.9265E+0	42.6373E-6
55.9680E+0	14.1200E+0	48.2594E+0	8.5199E+0	-5.6643E+0	42.7027E-6
56.1300E+0	15.2000E+0	47.6048E+0	8.3991E+0	-5.6679E+0	42.7839E-6
56.2765E+0	16.1767E+0	47.6451E+0	8.3789E+0	-5.6863E+0	41.9383E-6
56.4260E+0	17.1733E+0	47.6652E+0	8.3285E+0	-5.7231E+0	41.5328E-6
56.5765E+0	18.1767E+0	47.3228E+0	8.3285E+0	-5.6820E+0	41.6785E-6
56.7260E+0	19.1733E+0	46.8797E+0	8.3789E+0	-5.5950E+0	42.3936E-6
56.8755E+0	20.1700E+0	46.8797E+0	8.3789E+0	-5.5950E+0	42.3936E-6
57.0255E+0	21.1700E+0	45.9935E+0	8.3789E+0	-5.4892E+0	41.6774E-6
57.1670E+0	22.1133E+0	44.8152E+0	8.3185E+0	-5.3874E+0	41.6400E-6
57.3180E+0	23.1200E+0	43.5261E+0	8.3084E+0	-5.2388E+0	40.9576E-6
57.4800E+0	24.2000E+0	42.6701E+0	8.3587E+0	-5.1048E+0	41.5350E-6
57.6270E+0	25.1800E+0	41.8040E+0	8.3890E+0	-4.9832E+0	41.8627E-6
57.7740E+0	26.1600E+0	41.3810E+0	8.3991E+0	-4.9269E+0	41.2569E-6
57.9260E+0	27.1733E+0	41.3810E+0	8.3991E+0	-4.9269E+0	41.2569E-6
58.0725E+0	28.1500E+0	40.8473E+0	8.3688E+0	-4.8809E+0	41.8988E-6
58.2240E+0	29.1600E+0	40.4344E+0	8.3587E+0	-4.8374E+0	42.2658E-6
58.3740E+0	30.1600E+0	39.9509E+0	8.4091E+0	-4.7509E+0	40.8416E-6
58.5265E+0	31.1767E+0	39.5280E+0	8.4192E+0	-4.6950E+0	41.3911E-6
51.0005E+0	-18.9967E+0	-38.9742E+0	8.5300E+0	4.5691E+0	40.7906E-6
51.1735E+0	-17.8433E+0	-39.0144E+0	8.5098E+0	4.5846E+0	42.2019E-6
51.3250E+0	-16.8333E+0	-39.0547E+0	8.5098E+0	4.5894E+0	42.2726E-6
51.4770E+0	-15.8200E+0	-39.0346E+0	8.5501E+0	4.5654E+0	40.8991E-6
51.6260E+0	-14.8267E+0	-39.0346E+0	8.5501E+0	4.5654E+0	40.8991E-6
51.7750E+0	-13.8333E+0	-39.0346E+0	8.5803E+0	4.5493E+0	42.3982E-6
51.9245E+0	-12.8367E+0	-39.0245E+0	8.5703E+0	4.5535E+0	40.6822E-6
52.0770E+0	-11.8200E+0	-39.0950E+0	8.5602E+0	4.5671E+0	40.5460E-6
52.2255E+0	-10.8300E+0	-39.0547E+0	8.6005E+0	4.5410E+0	40.6751E-6
52.3760E+0	-9.8267E+0	-39.0044E+0	8.4998E+0	4.5889E+0	40.9542E-6
52.5285E+0	-8.8100E+0	-39.0346E+0	8.5602E+0	4.5600E+0	40.9401E-6
52.6715E+0	-7.8567E+0	-39.0346E+0	8.5602E+0	4.5600E+0	39.7831E-6
52.8265E+0	-6.8233E+0	-39.0346E+0	8.5602E+0	4.5600E+0	39.7831E-6
52.9735E+0	-5.8433E+0	-39.0346E+0	8.4998E+0	4.5924E+0	40.4285E-6
53.1260E+0	-4.8267E+0	-39.0346E+0	8.4998E+0	4.5924E+0	40.4285E-6
53.2755E+0	-3.8300E+0	-39.0144E+0	8.4796E+0	4.6010E+0	41.7790E-6
53.4260E+0	-2.8267E+0	-39.0245E+0	8.4998E+0	4.5912E+0	40.9585E-6
53.5780E+0	-1.8133E+0	-38.9339E+0	8.5602E+0	4.5483E+0	41.0021E-6
53.7275E+0	-816.6667E-3	-21.5516E+0	8.5098E+0	2.5326E+0	41.8238E-6
53.8750E+0	166.6667E-3	96.9217E+0	8.3789E+0	-11.5673E+0	42.0659E-6
54.0175E+0	1.1167E+0	96.9217E+0	8.3789E+0	-11.5673E+0	42.0659E-6
54.1840E+0	2.2267E+0	99.6710E+0	8.4595E+0	-11.7822E+0	40.9350E-6
54.3205E+0	3.1367E+0	74.9572E+0	8.4595E+0	-8.8607E+0	41.4954E-6
54.4765E+0	4.1767E+0	74.0105E+0	8.4595E+0	-8.7488E+0	41.2995E-6
54.6250E+0	5.1667E+0	66.8904E+0	8.4494E+0	-7.9166E+0	41.5669E-6
54.7745E+0	6.1633E+0	61.8752E+0	8.4494E+0	-7.3230E+0	41.7226E-6
54.9265E+0	7.1767E+0	64.1915E+0	8.4192E+0	-7.6244E+0	40.4921E-6
55.0765E+0	8.1767E+0	64.2015E+0	8.3386E+0	-7.6993E+0	40.7366E-6
55.2265E+0	9.1767E+0	64.2015E+0	8.3386E+0	-7.6993E+0	40.7366E-6
55.3765E+0	10.1767E+0	59.3172E+0	8.3789E+0	-7.0793E+0	40.2642E-6
55.5250E+0	11.1667E+0	56.0441E+0	8.3285E+0	-6.7292E+0	40.7175E-6
55.6750E+0	12.1667E+0	53.4459E+0	8.2983E+0	-6.4406E+0	39.5568E-6
55.8245E+0	13.1633E+0	51.2102E+0	8.2983E+0	-6.1712E+0	40.3210E-6
55.9745E+0	14.1633E+0	49.3571E+0	8.3285E+0	-5.9263E+0	41.7940E-6
56.1255E+0	15.1700E+0	48.4911E+0	8.3587E+0	-5.8012E+0	40.2669E-6
56.2790E+0	16.1933E+0	48.4911E+0	8.3587E+0	-5.8012E+0	40.2669E-6
56.4260E+0	17.1733E+0	47.8868E+0	8.3487E+0	-5.7359E+0	41.2762E-6
56.5755E+0	18.1700E+0	47.2221E+0	8.3789E+0	-5.6358E+0	41.1078E-6
56.7260E+0	19.1733E+0	46.1848E+0	8.3991E+0	-5.4988E+0	41.1144E-6
56.8740E+0	20.1600E+0	45.1979E+0	8.4394E+0	-5.3556E+0	41.8874E-6
57.0255E+0	21.1700E+0	43.1736E+0	8.5098E+0	-5.0734E+0	41.0465E-6
57.1755E+0	22.1700E+0	42.2068E+0	8.4998E+0	-4.9656E+0	39.9926E-6
57.3265E+0	23.1767E+0	42.2068E+0	8.4998E+0	-4.9656E+0	39.9926E-6
57.4770E+0	24.1800E+0	41.7335E+0	8.4494E+0	-4.9392E+0	41.1035E-6
57.6280E+0	25.1867E+0	41.5120E+0	8.4394E+0	-4.9189E+0	40.4248E-6
57.7750E+0	26.1667E+0	40.9883E+0	8.4091E+0	-4.8743E+0	40.2444E-6
57.9230E+0	27.1533E+0	40.1927E+0	8.4897E+0	-4.7343E+0	40.7798E-6
58.0700E+0	28.1333E+0	39.7294E+0	8.4595E+0	-4.6964E+0	40.1306E-6
58.2275E+0	29.1833E+0	39.6086E+0	8.4091E+0	-4.7102E+0	39.7840E-6
58.3730E+0	30.1533E+0	39.2057E+0	8.3789E+0	-4.6791E+0	40.1801E-6
58.5170E+0	31.1133E+0	38.9942E+0	8.3587E+0	-4.6651E+0	39.7746E-6
51.0005E+0	-18.9967E+0	-39.0547E+0	8.5098E+0	4.5894E+0	41.2450E-6
51.1765E+0	-17.8233E+0	-39.0547E+0	8.5904E+0	4.5463E+0	41.1902E-6
51.3270E+0	-16.8200E+0	-39.1252E+0	8.5904E+0	4.5545E+0	40.0826E-6
51.4765E+0	-15.8233E+0	-39.0648E+0	8.5803E+0	4.5528E+0	39.7294E-6
51.6240E+0	-14.8400E+0	-39.0144E+0	8.6307E+0	4.5204E+0	40.7694E-6
51.7750E+0	-13.8333E+0	-39.0144E+0	8.6206E+0	4.5257E+0	40.6962E-6
51.9255E+0	-12.8300E+0	-38.9641E+0	8.6710E+0	4.4936E+0	41.2398E-6
52.0775E+0	-11.8167E+0	-38.9641E+0	8.6710E+0	4.4936E+0	41.2398E-6
52.2240E+0	-10.8400E+0	-39.0648E+0	8.6206E+0	4.5316E+0	40.5971E-6
52.3770E+0	-9.8200E+0	-39.0447E+0	8.7112E+0	4.4821E+0	40.6336E-6
52.5300E+0	-8.8000E+0	-39.0245E+0	8.5904E+0	4.5428E+0	41.2116E-6
52.6745E+0	-7.8367E+0	-39.0346E+0	8.6005E+0	4.5387E+0	41.1478E-6
52.8250E+0	-6.8333E+0	-39.0447E+0	8.5501E+0	4.5666E+0	40.7731E-6
52.9675E+0	-5.8833E+0	-39.0547E+0	8.4998E+0	4.5948E+0	40.4182E-6
53.1290E+0	-4.8067E+0	-38.9742E+0	8.6005E+0	4.5316E+0	40.9155E-6
53.2735E+0	-3.8433E+0	-39.0547E+0	8.5904E+0	4.5463E+0	41.7024E-6
53.4255E+0	-2.8300E+0	-39.0547E+0	8.5904E+0	4.5463E+0	41.7024E-6
53.5760E+0	-1.8267E+0	-39.0749E+0	8.5803E+0	4.5540E+0	40.9881E-6
53.7235E+0	-843.3333E-3	-38.3699E+0	8.6307E+0	4.4458E+0	41.2988E-6
53.8670E+0	113.3333E-3	20.2726E+0	8.5098E+0	-2.3823E+0	41.7520E-6
54.0350E+0	1.2333E+0	130.9710E+0	8.4192E+0	-15.5562E+0	41.3918E-6
54.1645E+0	2.0967E+0	83.1246E+0	8.5703E+0	-9.6992E+0	40.1178E-6
54.3020E+0	3.0133E+0	74.8968E+0	8.4494E+0	-8.8641E+0	39.8841E-6
54.4880E+0	4.2533E+0	70.7375E+0	8.4293E+0	-8.3919E+0	40.0355E-6
54.6225E+0	5.1500E+0	70.7375E+0	8.4293E+0	-8.3919E+0	40.0355E-6
54.7765E+0	6.1767E+0	62.8017E+0	8.4796E+0	-7.4062E+0	39.4995E-6
54.9270E+0	7.1800E+0	61.5529E+0	8.4796E+0	-7.2589E+0	40.8702E-6
55.0760E+0	8.1733E+0	63.3053E+0	8.5501E+0	-7.4040E+0	40.3166E-6
55.2250E+0	9.1667E+0	59.5186E+0	8.5199E+0	-6.9858E+0	40.6869E-6
55.3745E+0	10.1633E+0	56.3262E+0	8.4394E+0	-6.6742E+0	40.7173E-6
55.5240E+0	11.1600E+0	54.1912E+0	8.3084E+0	-6.5225E+0	40.5631E-6
55.6750E+0	12.1667E+0	54.1912E+0	8.3084E+0	-6.5225E+0	40.5631E-6
55.8180E+0	13.1200E+0	52.5697E+0	8.2379E+0	-6.3814E+0	40.5645E-6
55.9710E+0	14.1400E+0	50.9987E+0	8.2278E+0	-6.1983E+0	39.5910E-6
56.1285E+0	15.1900E+0	50.0621E+0	8.2580E+0	-6.0622E+0	40.6740E-6
56.2765E+0	16.1767E+0	49.5485E+0	8.2580E+0	-6.0000E+0	40.9504E-6
56.4275E+0	17.1833E+0	49.1154E+0	8.2782E+0	-5.9331E+0	40.4024E-6
56.5760E+0	18.1733E+0	48.5414E+0	8.3285E+0	-5.8283E+0	41.2048E-6
56.7265E+0	19.1767E+0	47.9372E+0	8.2782E+0	-5.7908E+0	41.3415E-6
56.8750E+0	20.1667E+0	47.9372E+0	8.2782E+0	-5.7908E+0	41.3415E-6
57.0275E+0	21.1833E+0	46.7589E+0	8.2983E+0	-5.6347E+0	40.9412E-6
57.1765E+0	22.1767E+0	45.3489E+0	8.2983E+0	-5.4648E+0	40.8680E-6
57.3190E+0	23.1267E+0	44.0397E+0	8.2681E+0	-5.3265E+0	41.1611E-6
57.4780E+0	24.1867E+0	43.0628E+0	8.3185E+0	-5.1768E+0	41.1227E-6
57.6270E+0	25.1800E+0	43.0628E+0	8.3185E+0	-5.1768E+0	41.1227E-6
57.7750E+0	26.1667E+0	42.2169E+0	8.3688E+0	-5.0446E+0	43.0130E-6
57.9260E+0	27.1733E+0	41.6127E+0	8.4091E+0	-4.9485E+0	41.6913E-6
58.0735E+0	28.1567E+0	40.8574E+0	8.3890E+0	-4.8704E+0	41.3222E-6
58.2245E+0	29.1633E+0	40.0316E+0	8.4394E+0	-4.7434E+0	41.2078E-6
58.3760E+0	30.1733E+0	39.1554E+0	8.5098E+0	-4.6012E+0	40.9325E-6
58.5265E+0	31.1767E+0	38.3799E+0	8.4696E+0	-4.5315E+0	41.0354E-6
51.0005E+0	-18.9967E+0	-39.0245E+0	8.5400E+0	4.5696E+0	40.9345E-6
51.1775E+0	-17.8167E+0	-39.0044E+0	8.5803E+0	4.5458E+0	40.9912E-6
51.3255E+0	-16.8300E+0	-38.9641E+0	8.6005E+0	4.5305E+0	41.8471E-6
51.4750E+0	-15.8333E+0	-38.9742E+0	8.6710E+0	4.4948E+0	40.8627E-6
51.6255E+0	-14.8300E+0	-39.0950E+0	8.7213E+0	4.4827E+0	40.4636E-6
51.7755E+0	-13.8300E+0	-39.0447E+0	8.7314E+0	4.4718E+0	42.2085E-6
51.9245E+0	-12.8367E+0	-39.0447E+0	8.7314E+0	4.4718E+0	42.2085E-6
52.0775E+0	-11.8167E+0	-39.0245E+0	8.7012E+0	4.4850E+0	41.5883E-6
52.2275E+0	-10.8167E+0	-38.9742E+0	8.6307E+0	4.5158E+0	40.6798E-6
52.3780E+0	-9.8133E+0	-38.9238E+0	8.6408E+0	4.5047E+0	40.2571E-6
52.5290E+0	-8.8067E+0	-39.0245E+0	8.5803E+0	4.5481E+0	41.3893E-6
52.6730E+0	-7.8467E+0	-39.1252E+0	8.5602E+0	4.5706E+0	41.8171E-6
52.8255E+0	-6.8300E+0	-39.0849E+0	8.5703E+0	4.5605E+0	40.0622E-6
52.9745E+0	-5.8367E+0	-39.0849E+0	8.5703E+0	4.5605E+0	40.0622E-6
53.1260E+0	-4.8267E+0	-39.0749E+0	8.5300E+0	4.5809E+0	40.9663E-6
53.2745E+0	-3.8367E+0	-39.0245E+0	8.5501E+0	4.5642E+0	40.9008E-6
53.4245E+0	-2.8367E+0	-39.1051E+0	8.5904E+0	4.5522E+0	40.6593E-6
53.5750E+0	-1.8333E+0	-39.0144E+0	8.5904E+0	4.5416E+0	40.6334E-6
53.7275E+0	-816.6667E-3	-24.3412E+0	8.5400E+0	2.8502E+0	39.8041E-6
53.8760E+0	173.3333E-3	69.7707E+0	8.3688E+0	-8.3370E+0	41.0465E-6
54.0250E+0	1.1667E+0	105.2910E+0	8.4494E+0	-12.4613E+0	40.7554E-6
54.1765E+0	2.1767E+0	105.2910E+0	8.4494E+0	-12.4613E+0	40.7554E-6
54.3240E+0	3.1600E+0	77.6662E+0	8.5098E+0	-9.1266E+0	41.4592E-6
54.4750E+0	4.1667E+0	75.3499E+0	8.4897E+0	-8.8754E+0	40.9577E-6
54.6255E+0	5.1700E+0	66.3466E+0	8.3991E+0	-7.8993E+0	40.7581E-6
54.7745E+0	6.1633E+0	60.9587E+0	8.4293E+0	-7.2318E+0	40.5609E-6
54.9240E+0	7.1600E+0	63.5268E+0	8.4293E+0	-7.5364E+0	40.2554E-6
55.0770E+0	8.1800E+0	62.7312E+0	8.4494E+0	-7.4243E+0	39.4612E-6
55.2250E+0	9.1667E+0	62.7312E+0	8.4494E+0	-7.4243E+0	39.4612E-6
55.3725E+0	10.1500E+0	58.7230E+0	8.4192E+0	-6.9749E+0	40.1477E-6
55.5235E+0	11.1567E+0	55.4500E+0	8.4796E+0	-6.5392E+0	40.6709E-6
55.6750E+0	12.1667E+0	52.9625E+0	8.4394E+0	-6.2757E+0	40.8455E-6
55.8245E+0	13.1633E+0	50.7368E+0	8.4595E+0	-5.9976E+0	40.2805E-6
55.9745E+0	14.1633E+0	48.4206E+0	8.4192E+0	-5.7512E+0	39.9842E-6
56.1250E+0	15.1667E+0	47.7861E+0	8.4091E+0	-5.6826E+0	40.4941E-6
56.2775E+0	16.1833E+0	47.5846E+0	8.4293E+0	-5.6452E+0	39.4815E-6
56.4265E+0	17.1767E+0	47.2725E+0	8.3789E+0	-5.6418E+0	40.6735E-6
56.5660E+0	18.1067E+0	47.2725E+0	8.3789E+0	-5.6418E+0	40.6735E-6
56.7365E+0	19.2433E+0	46.4769E+0	8.4796E+0	-5.4810E+0	40.6669E-6
56.8730E+0	20.1533E+0	45.8626E+0	8.4595E+0	-5.4214E+0	40.0717E-6
57.0245E+0	21.1633E+0	44.3821E+0	8.4494E+0	-5.2527E+0	41.2933E-6
57.1585E+0	22.0567E+0	43.1736E+0	8.4494E+0	-5.1097E+0	41.3496E-6
57.3360E+0	23.2400E+0	42.1766E+0	8.5098E+0	-4.9562E+0	40.6636E-6
57.4660E+0	24.1067E+0	41.5019E+0	8.4696E+0	-4.9001E+0	41.9223E-6
57.6265E+0	25.1767E+0	40.7466E+0	8.4696E+0	-4.8109E+0	41.5104E-6
57.7710E+0	26.1400E+0	40.7466E+0	8.4696E+0	-4.8109E+0	41.5104E-6
57.9280E+0	27.1867E+0	40.3840E+0	8.4192E+0	-4.7966E+0	40.7644E-6
58.0725E+0	28.1500E+0	40.2229E+0	8.4897E+0	-4.7378E+0	40.8918E-6
58.2235E+0	29.1567E+0	40.0718E+0	8.4394E+0	-4.7482E+0	40.5476E-6
58.3755E+0	30.1700E+0	39.9006E+0	8.3890E+0	-4.7563E+0	42.2240E-6
58.5140E+0	31.0933E+0	39.5683E+0	8.3285E+0	-4.7509E+0	40.9146E-6
51.0005E+0	-18.9967E+0	-39.0547E+0	8.4293E+0	4.6332E+0	42.1258E-6
51.1780E+0	-17.8133E+0	-39.0547E+0	8.4595E+0	4.6167E+0	40.8744E-6
51.3275E+0	-16.8167E+0	-39.0447E+0	8.5400E+0	4.5720E+0	41.2864E-6
51.4775E+0	-15.8167E+0	-39.0447E+0	8.5400E+0	4.5720E+0	41.2864E-6
51.6255E+0	-14.8300E+0	-39.0044E+0	8.4796E+0	4.5998E+0	41.9620E-6
51.7750E+0	-13.8333E+0	-39.0245E+0	8.6307E+0	4.5216E+0	39.9567E-6
51.9240E+0	-12.8400E+0	-39.0849E+0	8.5501E+0	4.5713E+0	42.2692E-6
52.0775E+0	-11.8167E+0	-39.0245E+0	8.4796E+0	4.6021E+0	40.5294E-6
52.2245E+0	-10.8367E+0	-39.0648E+0	8.4998E+0	4.5960E+0	39.6761E-6
52.3790E+0	-9.8067E+0	-39.0547E+0	8.5703E+0	4.5570E+0	41.3620E-6
52.5260E+0	-8.8267E+0	-39.0547E+0	8.5501E+0	4.5677E+0	41.5270E-6
52.6785E+0	-7.8100E+0	-39.0547E+0	8.5501E+0	4.5677E+0	41.5270E-6
52.8255E+0	-6.8300E+0	-39.0648E+0	8.5602E+0	4.5635E+0	41.6788E-6
52.9755E+0	-5.8300E+0	-39.0648E+0	8.4897E+0	4.6014E+0	40.8704E-6
53.1255E+0	-4.8300E+0	-39.0648E+0	8.4897E+0	4.6014E+0	40.2614E-6
53.2760E+0	-3.8267E+0	-39.1252E+0	8.4796E+0	4.6140E+0	40.3977E-6
53.4260E+0	-2.8267E+0	-39.1252E+0	8.4796E+0	4.6140E+0	40.3977E-6
53.5770E+0	-1.8200E+0	-39.0950E+0	8.5803E+0	4.5564E+0	40.2924E-6
53.7275E+0	-816.6667E-3	-38.6720E+0	8.4796E+0	4.5606E+0	40.7711E-6
53.8760E+0	173.3333E-3	12.3368E+0	8.4696E+0	-1.4566E+0	41.0154E-6
54.0250E+0	1.1667E+0	117.3660E+0	8.3890E+0	-13.9905E+0	40.7689E-6
54.1760E+0	2.1733E+0	81.5536E+0	8.4696E+0	-9.6290E+0	41.1130E-6
54.3235E+0	3.1567E+0	75.4809E+0	8.4293E+0	-8.9546E+0	41.0901E-6
54.4745E+0	4.1633E+0	75.4809E+0	8.4293E+0	-8.9546E+0	41.0901E-6
54.6250E+0	5.1667E+0	71.0094E+0	8.3688E+0	-8.4850E+0	40.7412E-6
54.7765E+0	6.1767E+0	62.9830E+0	8.4293E+0	-7.4719E+0	40.6603E-6
54.9265E+0	7.1767E+0	63.2851E+0	8.3890E+0	-7.5438E+0	40.0518E-6
55.0765E+0	8.1767E+0	65.0575E+0	8.3386E+0	-7.8020E+0	40.2422E-6
55.2265E+0	9.1767E+0	62.0263E+0	8.4091E+0	-7.3761E+0	39.9942E-6
55.3750E+0	10.1667E+0	57.0714E+0	8.4091E+0	-6.7868E+0	39.7854E-6
55.5230E+0	11.1533E+0	54.5940E+0	8.4293E+0	-6.4767E+0	40.4240E-6
55.6750E+0	12.1667E+0	54.5940E+0	8.4293E+0	-6.4767E+0	40.4240E-6
55.8250E+0	13.1667E+0	52.4992E+0	8.3185E+0	-6.3112E+0	39.8138E-6
55.9745E+0	14.1633E+0	50.6361E+0	8.3487E+0	-6.0652E+0	39.8615E-6
56.1260E+0	15.1733E+0	49.5384E+0	8.3386E+0	-5.9409E+0	40.8286E-6
56.2785E+0	16.1900E+0	49.3471E+0	8.2782E+0	-5.9611E+0	40.0643E-6
56.4280E+0	17.1867E+0	49.0651E+0	8.2379E+0	-5.9560E+0	40.6154E-6
56.5670E+0	18.1133E+0	48.4407E+0	8.2782E+0	-5.8516E+0	40.7771E-6
56.7320E+0	19.2133E+0	48.4407E+0	8.2782E+0	-5.8516E+0	40.7771E-6
56.8730E+0	20.1533E+0	47.7257E+0	8.3285E+0	-5.7304E+0	40.1261E-6
57.0255E+0	21.1700E+0	46.4467E+0	8.3185E+0	-5.5836E+0	40.6262E-6
57.1595E+0	22.0633E+0	45.0468E+0	8.3587E+0	-5.3892E+0	40.0188E-6
57.3400E+0	23.2667E+0	44.0397E+0	8.3285E+0	-5.2878E+0	40.4558E-6
57.4740E+0	24.1600E+0	43.0125E+0	8.4192E+0	-5.1089E+0	39.4526E-6
57.6235E+0	25.1567E+0	42.4284E+0	8.3890E+0	-5.0576E+0	39.9092E-6
57.7725E+0	26.1500E+0	41.7838E+0	8.4293E+0	-4.9570E+0	40.7362E-6
57.9275E+0	27.1833E+0	41.1997E+0	8.3991E+0	-4.9053E+0	40.8024E-6
58.0740E+0	28.1600E+0	41.1997E+0	8.3991E+0	-4.9053E+0	40.8024E-6
58.2250E+0	29.1667E+0	40.7264E+0	8.4494E+0	-4.8200E+0	40.2346E-6
58.3750E+0	30.1667E+0	40.3337E+0	8.3587E+0	-4.8253E+0	40.3448E-6
58.5190E+0	31.1267E+0	39.6589E+0	8.4293E+0	-4.7049E+0	40.3061E-6
51.0005E+0	-18.9967E+0	-39.0547E+0	8.5803E+0	4.5517E+0	39.9491E-6
51.1770E+0	-17.8200E+0	-39.0044E+0	8.5199E+0	4.5780E+0	40.7587E-6
51.3280E+0	-16.8133E+0	-39.0346E+0	8.5300E+0	4.5762E+0	40.8718E-6
51.4765E+0	-15.8233E+0	-39.0346E+0	8.5300E+0	4.5762E+0	40.8718E-6
51.6250E+0	-14.8333E+0	-39.0849E+0	8.4998E+0	4.5983E+0	39.8866E-6
51.7735E+0	-13.8433E+0	-39.1252E+0	8.4696E+0	4.6195E+0	40.6425E-6
51.9225E+0	-12.8500E+0	-39.0447E+0	8.4494E+0	4.6210E+0	40.6883E-6
52.0745E+0	-11.8367E+0	-39.0447E+0	8.5098E+0	4.5882E+0	39.4585E-6
52.2255E+0	-10.8300E+0	-39.0547E+0	8.6105E+0	4.5357E+0	40.0813E-6
52.3750E+0	-9.8333E+0	-39.0346E+0	8.5602E+0	4.5600E+0	39.7689E-6
52.5275E+0	-8.8167E+0	-39.0346E+0	8.5602E+0	4.5600E+0	39.7689E-6
52.6755E+0	-7.8300E+0	-39.1252E+0	8.5602E+0	4.5706E+0	40.9911E-6
52.8240E+0	-6.8400E+0	-39.1151E+0	8.5400E+0	4.5802E+0	39.3512E-6
52.9640E+0	-5.9067E+0	-39.1353E+0	8.6307E+0	4.5344E+0	40.3161E-6
53.1350E+0	-4.7667E+0	-39.0648E+0	8.5501E+0	4.5689E+0	40.2191E-6
53.2710E+0	-3.8600E+0	-39.1051E+0	8.5098E+0	4.5953E+0	40.1621E-6
53.4255E+0	-2.8300E+0	-39.1252E+0	8.6105E+0	4.5439E+0	39.8901E-6
53.5750E+0	-1.8333E+0	-38.8936E+0	8.5602E+0	4.5435E+0	40.4340E-6
53.7270E+0	-820.0000E-3	-38.8936E+0	8.5602E+0	4.5435E+0	40.4340E-6
53.8750E+0	166.6667E-3	-9.9299E+0	8.5098E+0	1.1669E+0	40.6012E-6
54.0245E+0	1.1633E+0	119.4700E+0	8.3688E+0	-14.2756E+0	40.5100E-6
54.1750E+0	2.1667E+0	88.8449E+0	8.4897E+0	-10.4650E+0	40.8577E-6
54.3230E+0	3.1533E+0	74.1213E+0	8.5199E+0	-8.6998E+0	40.7604E-6
54.4665E+0	4.1100E+0	73.2955E+0	8.4796E+0	-8.6437E+0	40.9380E-6
54.6285E+0	5.1900E+0	65.5208E+0	8.5400E+0	-7.6722E+0	40.5633E-6
54.7745E+0	6.1633E+0	59.5790E+0	8.6609E+0	-6.8791E+0	39.7668E-6
54.9290E+0	7.1933E+0	61.2810E+0	8.6005E+0	-7.1253E+0	41.1090E-6
55.0775E+0	8.1833E+0	61.2810E+0	8.6005E+0	-7.1253E+0	41.1090E-6
55.2260E+0	9.1733E+0	57.6354E+0	8.5602E+0	-6.7330E+0	41.1971E-6
55.3755E+0	10.1700E+0	57.6354E+0	8.5602E+0	-6.7330E+0	41.1971E-6
55.5225E+0	11.1500E+0	54.3623E+0	8.5803E+0	-6.3357E+0	41.1231E-6
55.6745E+0	12.1633E+0	51.9554E+0	8.5501E+0	-6.0766E+0	40.2827E-6
55.8235E+0	13.1567E+0	49.5887E+0	8.4998E+0	-5.8341E+0	41.6131E-6
55.9670E+0	14.1133E+0	47.8969E+0	8.4897E+0	-5.6418E+0	40.4397E-6
56.1335E+0	15.2233E+0	47.0207E+0	8.5199E+0	-5.5189E+0	40.2041E-6
56.2735E+0	16.1567E+0	46.7790E+0	8.4897E+0	-5.5101E+0	40.1661E-6
56.4275E+0	17.1833E+0	46.6078E+0	8.4494E+0	-5.5161E+0	40.1542E-6
56.5755E+0	18.1700E+0	46.6078E+0	8.4494E+0	-5.5161E+0	40.1542E-6
56.7250E+0	19.1667E+0	46.1244E+0	8.4998E+0	-5.4265E+0	40.6097E-6
56.8740E+0	20.1600E+0	45.4194E+0	8.4998E+0	-5.3436E+0	40.0900E-6
57.0255E+0	21.1700E+0	44.4728E+0	8.4897E+0	-5.2384E+0	40.4983E-6
57.1775E+0	22.1833E+0	43.1031E+0	8.4192E+0	-5.1196E+0	40.3351E-6
57.3245E+0	23.1633E+0	42.0961E+0	8.4293E+0	-4.9940E+0	40.4335E-6
57.4745E+0	24.1633E+0	41.2904E+0	8.4796E+0	-4.8694E+0	40.4413E-6
57.6295E+0	25.1967E+0	41.2904E+0	8.4796E+0	-4.8694E+0	40.4413E-6
57.7755E+0	26.1700E+0	40.7264E+0	8.4494E+0	-4.8200E+0	40.1313E-6
57.9270E+0	27.1800E+0	40.2934E+0	8.4696E+0	-4.7574E+0	40.2726E-6
58.0740E+0	28.1600E+0	40.0114E+0	8.4796E+0	-4.7185E+0	39.6863E-6
58.2255E+0	29.1700E+0	39.5683E+0	8.4696E+0	-4.6718E+0	40.1712E-6
58.3755E+0	30.1700E+0	39.1654E+0	8.4595E+0	-4.6298E+0	39.9649E-6
58.5255E+0	31.1700E+0	38.4605E+0	8.4192E+0	-4.5682E+0	40.5297E-6
