51.0005E+0	-18.9967E+0	-39.7899E+0	3.1118E+0	12.7866E+0	41.8138E-6
51.1805E+0	-17.7967E+0	-39.7194E+0	3.1018E+0	12.8054E+0	41.9055E-6
51.3255E+0	-16.8300E+0	-39.7395E+0	3.1018E+0	12.8119E+0	42.3328E-6
51.4760E+0	-15.8267E+0	-39.7597E+0	3.0514E+0	13.0299E+0	43.0280E-6
51.6255E+0	-14.8300E+0	-39.7194E+0	3.1118E+0	12.7640E+0	41.6348E-6
51.7755E+0	-13.8300E+0	-39.7194E+0	3.2125E+0	12.3639E+0	42.7056E-6
51.9245E+0	-12.8367E+0	-39.6791E+0	3.2227E+0	12.3125E+0	43.1629E-6
52.0750E+0	-11.8333E+0	-39.6791E+0	3.2227E+0	12.3125E+0	43.1629E-6
52.2245E+0	-10.8367E+0	-39.7395E+0	3.1320E+0	12.6883E+0	42.5875E-6
52.3760E+0	-9.8267E+0	-39.7395E+0	3.1622E+0	12.5671E+0	42.2896E-6
52.5265E+0	-8.8233E+0	-39.7798E+0	3.0816E+0	12.9087E+0	43.0852E-6
52.6755E+0	-7.8300E+0	-39.8000E+0	3.1320E+0	12.7076E+0	42.2890E-6
52.8245E+0	-6.8367E+0	-39.6590E+0	3.1622E+0	12.5416E+0	43.1332E-6
52.9750E+0	-5.8333E+0	-39.7194E+0	3.1723E+0	12.5209E+0	42.6401E-6
53.1230E+0	-4.8467E+0	-39.7496E+0	3.1219E+0	12.7325E+0	42.2215E-6
53.2740E+0	-3.8400E+0	-39.7496E+0	3.1219E+0	12.7325E+0	42.2215E-6
53.4235E+0	-2.8433E+0	-39.7194E+0	3.1118E+0	12.7640E+0	41.9481E-6
53.5770E+0	-1.8200E+0	-39.6288E+0	3.1219E+0	12.6938E+0	43.1212E-6
53.7255E+0	-830.0000E-3	-36.0133E+0	3.1219E+0	11.5357E+0	42.6175E-6
53.8775E+0	183.3333E-3	93.8501E+0	3.3536E+0	-27.9850E+0	42.7654E-6
54.0245E+0	1.1633E+0	186.8240E+0	3.5550E+0	-52.5529E+0	42.5031E-6
54.1755E+0	2.1700E+0	159.2000E+0	3.4845E+0	-45.6882E+0	41.8635E-6
54.3240E+0	3.1600E+0	159.2000E+0	3.4845E+0	-45.6882E+0	41.8635E-6
54.4760E+0	4.1733E+0	160.5690E+0	3.3133E+0	-48.4620E+0	42.9191E-6
54.6245E+0	5.1633E+0	159.3210E+0	3.2529E+0	-48.9784E+0	43.4034E-6
54.7750E+0	6.1667E+0	149.4010E+0	3.3032E+0	-45.2288E+0	42.4100E-6
54.9260E+0	7.1733E+0	146.4300E+0	3.2932E+0	-44.4649E+0	44.0380E-6
55.0520E+0	8.0133E+0	147.8000E+0	3.2630E+0	-45.2964E+0	42.8881E-6
55.2480E+0	9.3200E+0	144.9600E+0	3.2227E+0	-44.9813E+0	42.8640E-6
55.3550E+0	10.0333E+0	144.9600E+0	3.2227E+0	-44.9813E+0	42.8640E-6
55.5325E+0	11.2167E+0	137.1350E+0	3.4140E+0	-40.1684E+0	41.9398E-6
55.6705E+0	12.1367E+0	134.3050E+0	3.3536E+0	-40.0482E+0	42.5361E-6
55.8260E+0	13.1733E+0	132.3610E+0	3.2730E+0	-40.4400E+0	42.8313E-6
55.9750E+0	14.1667E+0	128.9670E+0	3.2831E+0	-39.2822E+0	42.1791E-6
56.1270E+0	15.1800E+0	126.3790E+0	3.3536E+0	-37.6848E+0	43.1175E-6
56.2785E+0	16.1900E+0	124.7170E+0	3.3334E+0	-37.4139E+0	42.9673E-6
56.4265E+0	17.1767E+0	122.8540E+0	3.3536E+0	-36.6337E+0	42.1740E-6
56.5755E+0	18.1700E+0	120.9910E+0	3.3133E+0	-36.5168E+0	42.0604E-6
56.7255E+0	19.1700E+0	119.5810E+0	3.3334E+0	-35.8732E+0	41.7509E-6
56.8740E+0	20.1600E+0	119.5810E+0	3.3334E+0	-35.8732E+0	41.7509E-6
57.0260E+0	21.1733E+0	118.1410E+0	3.2730E+0	-36.0954E+0	41.9996E-6
57.1710E+0	22.1400E+0	116.6910E+0	3.2831E+0	-35.5430E+0	41.3339E-6
57.3185E+0	23.1233E+0	115.2410E+0	3.3939E+0	-33.9557E+0	41.3868E-6
57.4845E+0	24.2300E+0	113.8000E+0	3.2529E+0	-34.9844E+0	42.4072E-6
57.6250E+0	25.1667E+0	112.9240E+0	3.1924E+0	-35.3728E+0	42.2023E-6
57.7755E+0	26.1700E+0	112.9240E+0	3.1924E+0	-35.3728E+0	42.2023E-6
57.9255E+0	27.1700E+0	111.9670E+0	3.2428E+0	-34.5278E+0	41.5470E-6
58.0745E+0	28.1633E+0	111.1620E+0	3.3435E+0	-33.2471E+0	42.0305E-6
58.2240E+0	29.1600E+0	110.5980E+0	3.3032E+0	-33.4818E+0	42.2331E-6
58.3755E+0	30.1700E+0	110.1450E+0	3.3737E+0	-32.6479E+0	42.3886E-6
58.5160E+0	31.1067E+0	109.6710E+0	3.2730E+0	-33.5076E+0	41.3382E-6
51.0005E+0	-18.9967E+0	-39.8100E+0	3.1118E+0	12.7931E+0	42.6019E-6
51.1735E+0	-17.8433E+0	-39.8503E+0	3.0615E+0	13.0166E+0	42.5202E-6
51.3240E+0	-16.8400E+0	-39.7496E+0	3.0212E+0	13.1568E+0	42.5279E-6
51.4745E+0	-15.8367E+0	-39.6993E+0	3.0413E+0	13.0532E+0	42.2146E-6
51.6250E+0	-14.8333E+0	-39.7395E+0	3.0413E+0	13.0664E+0	41.8781E-6
51.7750E+0	-13.8333E+0	-39.7597E+0	2.9910E+0	13.2931E+0	42.2584E-6
51.9255E+0	-12.8300E+0	-39.8302E+0	2.9608E+0	13.4526E+0	42.0633E-6
52.0745E+0	-11.8367E+0	-39.8302E+0	2.9608E+0	13.4526E+0	42.0633E-6
52.2265E+0	-10.8233E+0	-39.8402E+0	2.9104E+0	13.6887E+0	43.2231E-6
52.3760E+0	-9.8267E+0	-39.7697E+0	3.0011E+0	13.2518E+0	42.1202E-6
52.5260E+0	-8.8267E+0	-39.6993E+0	3.0413E+0	13.0532E+0	43.1084E-6
52.6750E+0	-7.8333E+0	-39.7395E+0	3.1219E+0	12.7292E+0	42.5942E-6
52.8250E+0	-6.8333E+0	-39.8402E+0	3.1622E+0	12.5989E+0	42.6773E-6
52.9760E+0	-5.8267E+0	-39.7395E+0	3.1521E+0	12.6072E+0	42.4618E-6
53.1260E+0	-4.8267E+0	-39.7395E+0	3.1823E+0	12.4875E+0	42.0576E-6
53.2750E+0	-3.8333E+0	-39.7697E+0	3.2025E+0	12.4184E+0	42.4883E-6
53.4265E+0	-2.8233E+0	-39.7697E+0	3.2025E+0	12.4184E+0	42.4883E-6
53.5775E+0	-1.8167E+0	-39.9309E+0	3.1521E+0	12.6680E+0	43.2366E-6
53.7270E+0	-820.0000E-3	-39.0849E+0	3.1420E+0	12.4393E+0	43.5775E-6
53.8785E+0	190.0000E-3	23.4449E+0	3.2428E+0	-7.2298E+0	42.3632E-6
54.0250E+0	1.1667E+0	202.8470E+0	3.4341E+0	-59.0678E+0	41.9692E-6
54.1770E+0	2.1800E+0	164.3460E+0	3.4241E+0	-47.9973E+0	42.3547E-6
54.3245E+0	3.1633E+0	159.9650E+0	3.3636E+0	-47.5570E+0	42.6058E-6
54.4735E+0	4.1567E+0	161.1130E+0	3.3334E+0	-48.3324E+0	42.9621E-6
54.6240E+0	5.1600E+0	161.1130E+0	3.3334E+0	-48.3324E+0	42.9621E-6
54.7760E+0	6.1733E+0	151.0320E+0	3.2428E+0	-46.5744E+0	42.0571E-6
54.9265E+0	7.1767E+0	146.5610E+0	3.3838E+0	-43.3127E+0	42.1625E-6
55.0550E+0	8.0333E+0	148.0210E+0	3.4241E+0	-43.2295E+0	42.6537E-6
55.2380E+0	9.2533E+0	145.3120E+0	3.3636E+0	-43.2007E+0	42.2424E-6
55.3545E+0	10.0300E+0	139.5210E+0	3.4039E+0	-40.9882E+0	41.9070E-6
55.5305E+0	11.2033E+0	135.0500E+0	3.4140E+0	-39.5577E+0	42.0407E-6
55.6710E+0	12.1400E+0	132.1290E+0	3.3939E+0	-38.9318E+0	42.4516E-6
55.8250E+0	13.1667E+0	128.9070E+0	3.3838E+0	-38.0954E+0	42.6272E-6
55.9750E+0	14.1667E+0	125.7440E+0	3.4543E+0	-36.4024E+0	41.9955E-6
56.1255E+0	15.1700E+0	125.7440E+0	3.4543E+0	-36.4024E+0	41.9955E-6
56.2765E+0	16.1767E+0	123.6090E+0	3.4241E+0	-36.1000E+0	41.6851E-6
56.4270E+0	17.1800E+0	122.1590E+0	3.4140E+0	-35.7818E+0	41.8685E-6
56.5750E+0	18.1667E+0	120.3460E+0	3.4442E+0	-34.9415E+0	42.6257E-6
56.7235E+0	19.1567E+0	118.2820E+0	3.4845E+0	-33.9453E+0	43.2927E-6
56.8740E+0	20.1600E+0	116.9220E+0	3.4744E+0	-33.6522E+0	41.1472E-6
57.0250E+0	21.1667E+0	115.2300E+0	3.4845E+0	-33.0694E+0	40.7612E-6
57.1720E+0	22.1467E+0	115.2300E+0	3.4845E+0	-33.0694E+0	40.7612E-6
57.3255E+0	23.1700E+0	113.5080E+0	3.5147E+0	-32.2953E+0	42.0094E-6
57.4770E+0	24.1800E+0	112.3600E+0	3.5248E+0	-31.8773E+0	42.1010E-6
57.6265E+0	25.1767E+0	111.7160E+0	3.5348E+0	-31.6043E+0	41.3311E-6
57.7745E+0	26.1633E+0	111.5240E+0	3.4845E+0	-32.0058E+0	41.5148E-6
57.9255E+0	27.1700E+0	111.3330E+0	3.3838E+0	-32.9019E+0	41.7270E-6
58.0745E+0	28.1633E+0	110.9400E+0	3.3939E+0	-32.6884E+0	42.1119E-6
58.2250E+0	29.1667E+0	110.3560E+0	3.2831E+0	-33.6135E+0	41.4635E-6
58.3740E+0	30.1600E+0	109.9530E+0	3.4039E+0	-32.3018E+0	41.3729E-6
58.5035E+0	31.0233E+0	109.6710E+0	3.4644E+0	-31.6570E+0	41.4588E-6
51.0005E+0	-18.9967E+0	-39.7093E+0	3.1219E+0	12.7196E+0	43.4826E-6
51.1770E+0	-17.8200E+0	-39.8805E+0	3.0917E+0	12.8992E+0	43.0075E-6
51.3275E+0	-16.8167E+0	-39.8000E+0	3.1320E+0	12.7076E+0	42.5029E-6
51.4770E+0	-15.8200E+0	-39.6892E+0	3.1521E+0	12.5913E+0	42.7988E-6
51.6250E+0	-14.8333E+0	-39.6892E+0	3.1521E+0	12.5913E+0	42.7988E-6
51.7760E+0	-13.8267E+0	-39.7093E+0	3.1320E+0	12.6787E+0	41.6784E-6
51.9250E+0	-12.8333E+0	-39.7697E+0	3.0615E+0	12.9903E+0	42.5970E-6
52.0740E+0	-11.8400E+0	-39.7496E+0	2.9709E+0	13.3798E+0	42.3186E-6
52.2245E+0	-10.8367E+0	-39.6993E+0	3.0413E+0	13.0532E+0	43.7083E-6
52.3780E+0	-9.8133E+0	-39.6993E+0	3.0313E+0	13.0965E+0	42.7426E-6
52.5270E+0	-8.8200E+0	-39.7496E+0	3.1420E+0	12.6508E+0	42.1043E-6
52.6760E+0	-7.8267E+0	-39.7697E+0	3.1420E+0	12.6572E+0	42.4335E-6
52.8260E+0	-6.8267E+0	-39.7697E+0	3.1420E+0	12.6572E+0	42.4335E-6
52.9750E+0	-5.8333E+0	-39.7496E+0	3.1823E+0	12.4907E+0	42.0660E-6
53.1260E+0	-4.8267E+0	-39.7697E+0	3.1521E+0	12.6168E+0	42.5310E-6
53.2760E+0	-3.8267E+0	-39.7798E+0	3.1622E+0	12.5798E+0	41.7845E-6
53.4255E+0	-2.8300E+0	-39.7093E+0	3.1723E+0	12.5177E+0	42.0269E-6
53.5775E+0	-1.8167E+0	-39.9107E+0	3.1118E+0	12.8254E+0	41.4542E-6
53.7270E+0	-820.0000E-3	-9.2853E+0	3.1521E+0	2.9457E+0	41.7627E-6
53.8765E+0	176.6667E-3	160.6600E+0	3.4039E+0	-47.1984E+0	42.1713E-6
54.0250E+0	1.1667E+0	160.6600E+0	3.4039E+0	-47.1984E+0	42.1713E-6
54.1760E+0	2.1733E+0	178.0020E+0	3.4442E+0	-51.6815E+0	42.2784E-6
54.3245E+0	3.1633E+0	156.7320E+0	3.4140E+0	-45.9086E+0	42.1881E-6
54.4745E+0	4.1633E+0	162.4930E+0	3.4039E+0	-47.7369E+0	41.9543E-6
54.6255E+0	5.1700E+0	159.3910E+0	3.2730E+0	-48.6984E+0	42.3781E-6
54.7750E+0	6.1667E+0	147.6790E+0	3.2529E+0	-45.3995E+0	41.9946E-6
54.9250E+0	7.1667E+0	147.5280E+0	3.2932E+0	-44.7983E+0	42.5940E-6
55.0760E+0	8.1733E+0	148.2530E+0	3.2831E+0	-45.1565E+0	42.5358E-6
55.2260E+0	9.1733E+0	143.3080E+0	3.2831E+0	-43.6503E+0	42.6617E-6
55.3745E+0	10.1633E+0	138.5440E+0	3.2831E+0	-42.1993E+0	42.4654E-6
55.5240E+0	11.1600E+0	138.5440E+0	3.2831E+0	-42.1993E+0	42.4654E-6
55.6685E+0	12.1233E+0	135.9260E+0	3.2630E+0	-41.6574E+0	42.6095E-6
55.8295E+0	13.1967E+0	134.3050E+0	3.2227E+0	-41.6751E+0	43.0442E-6
55.9750E+0	14.1667E+0	131.7870E+0	3.1018E+0	-42.4877E+0	42.1204E-6
56.1285E+0	15.1900E+0	129.0580E+0	3.1320E+0	-41.2065E+0	42.5551E-6
56.2765E+0	16.1767E+0	126.9330E+0	3.1320E+0	-40.5280E+0	42.9206E-6
56.4165E+0	17.1100E+0	125.0500E+0	3.1622E+0	-39.5454E+0	42.3559E-6
56.5865E+0	18.2433E+0	123.1460E+0	3.2125E+0	-38.3329E+0	43.1471E-6
56.7140E+0	19.0933E+0	123.1460E+0	3.2125E+0	-38.3329E+0	43.1471E-6
56.8810E+0	20.2067E+0	121.3740E+0	3.1823E+0	-38.1400E+0	41.7717E-6
57.0215E+0	21.1433E+0	119.8930E+0	3.1622E+0	-37.9145E+0	42.8666E-6
57.1655E+0	22.1033E+0	118.6140E+0	3.1924E+0	-37.1551E+0	42.4368E-6
57.3275E+0	23.1833E+0	117.4660E+0	3.2125E+0	-36.5648E+0	43.4397E-6
57.4775E+0	24.1833E+0	116.5700E+0	3.1521E+0	-36.9815E+0	42.9042E-6
57.6270E+0	25.1800E+0	115.7440E+0	3.1622E+0	-36.6025E+0	42.0411E-6
57.7745E+0	26.1633E+0	114.8380E+0	3.0917E+0	-37.1440E+0	42.0232E-6
57.9265E+0	27.1767E+0	114.2840E+0	3.0716E+0	-37.2072E+0	42.4194E-6
58.0750E+0	28.1667E+0	113.3980E+0	3.1622E+0	-35.8606E+0	42.6151E-6
58.2255E+0	29.1700E+0	113.3980E+0	3.1622E+0	-35.8606E+0	42.6151E-6
58.3695E+0	30.1300E+0	112.2190E+0	3.1823E+0	-35.2632E+0	41.8208E-6
58.4995E+0	30.9967E+0	111.3930E+0	3.2630E+0	-34.1387E+0	42.9130E-6
51.0005E+0	-18.9967E+0	-39.7395E+0	3.1320E+0	12.6883E+0	42.1465E-6
51.1735E+0	-17.8433E+0	-39.7295E+0	3.0816E+0	12.8924E+0	42.5158E-6
51.3270E+0	-16.8200E+0	-39.6892E+0	3.0111E+0	13.1808E+0	42.3651E-6
51.4745E+0	-15.8367E+0	-39.7395E+0	2.9910E+0	13.2864E+0	42.2168E-6
51.6250E+0	-14.8333E+0	-39.6590E+0	3.0011E+0	13.2150E+0	42.2445E-6
51.7755E+0	-13.8300E+0	-39.6590E+0	3.0011E+0	13.2150E+0	42.2445E-6
51.9255E+0	-12.8300E+0	-39.7697E+0	2.9507E+0	13.4780E+0	42.1154E-6
52.0755E+0	-11.8300E+0	-39.8402E+0	3.0615E+0	13.0133E+0	42.2190E-6
52.2250E+0	-10.8333E+0	-39.8402E+0	3.0816E+0	12.9283E+0	42.1947E-6
52.3770E+0	-9.8200E+0	-39.7597E+0	3.0716E+0	12.9445E+0	42.4286E-6
52.5275E+0	-8.8167E+0	-39.7295E+0	3.1219E+0	12.7260E+0	41.1626E-6
52.6745E+0	-7.8367E+0	-39.7295E+0	3.1219E+0	12.7260E+0	42.1613E-6
52.8255E+0	-6.8300E+0	-39.7597E+0	3.1622E+0	12.5735E+0	43.0237E-6
52.9750E+0	-5.8333E+0	-39.7597E+0	3.1622E+0	12.5735E+0	43.0237E-6
53.1255E+0	-4.8300E+0	-39.7597E+0	3.1823E+0	12.4939E+0	42.1472E-6
53.2755E+0	-3.8300E+0	-39.7295E+0	3.1723E+0	12.5240E+0	41.8403E-6
53.4245E+0	-2.8367E+0	-39.8000E+0	3.1622E+0	12.5862E+0	41.9654E-6
53.5775E+0	-1.8167E+0	-39.6690E+0	3.1622E+0	12.5448E+0	41.8024E-6
53.7260E+0	-826.6667E-3	-26.6978E+0	3.1420E+0	8.4969E+0	42.4957E-6
53.8790E+0	193.3333E-3	113.1160E+0	3.3636E+0	-33.6289E+0	43.5301E-6
54.0250E+0	1.1667E+0	190.5600E+0	3.5751E+0	-53.3019E+0	42.3600E-6
54.1755E+0	2.1700E+0	158.8170E+0	3.4946E+0	-45.4469E+0	43.1218E-6
54.3235E+0	3.1567E+0	158.8170E+0	3.4946E+0	-45.4469E+0	43.1218E-6
54.4765E+0	4.1767E+0	161.7680E+0	3.4039E+0	-47.5239E+0	42.6770E-6
54.6250E+0	5.1667E+0	157.8800E+0	3.3838E+0	-46.6577E+0	43.5113E-6
54.7770E+0	6.1800E+0	147.6990E+0	3.3737E+0	-43.7793E+0	43.1711E-6
54.9260E+0	7.1733E+0	145.6950E+0	3.4039E+0	-42.8020E+0	43.9221E-6
55.0630E+0	8.0867E+0	146.9130E+0	3.4039E+0	-43.1598E+0	43.6882E-6
55.2320E+0	9.2133E+0	143.6400E+0	3.4644E+0	-41.4623E+0	43.3370E-6
55.3725E+0	10.1500E+0	143.6400E+0	3.4644E+0	-41.4623E+0	43.3370E-6
55.5250E+0	11.1667E+0	134.2640E+0	3.4845E+0	-38.5319E+0	43.4747E-6
55.6730E+0	12.1533E+0	134.2640E+0	3.4845E+0	-38.5319E+0	43.4747E-6
55.8250E+0	13.1667E+0	132.2800E+0	3.4241E+0	-38.6324E+0	42.9675E-6
55.9760E+0	14.1733E+0	129.1990E+0	3.4241E+0	-37.7326E+0	43.5484E-6
56.1265E+0	15.1767E+0	126.1070E+0	3.4442E+0	-36.6142E+0	43.7253E-6
56.2760E+0	16.1733E+0	124.1930E+0	3.4644E+0	-35.8489E+0	43.3872E-6
56.4200E+0	17.1333E+0	122.2100E+0	3.3939E+0	-36.0091E+0	42.9691E-6
56.5750E+0	18.1667E+0	120.4570E+0	3.4341E+0	-35.0763E+0	43.2378E-6
56.7030E+0	19.0200E+0	120.4570E+0	3.4341E+0	-35.0763E+0	43.2378E-6
56.8760E+0	20.1733E+0	118.8960E+0	3.4644E+0	-34.3199E+0	42.7310E-6
57.0190E+0	21.1267E+0	117.4660E+0	3.4241E+0	-34.3060E+0	41.9158E-6
57.1750E+0	22.1667E+0	115.9250E+0	3.4744E+0	-33.3653E+0	42.8248E-6
57.3220E+0	23.1467E+0	114.5760E+0	3.4644E+0	-33.0729E+0	42.9688E-6
57.4780E+0	24.1867E+0	113.1060E+0	3.4744E+0	-32.5539E+0	42.2838E-6
57.6260E+0	25.1733E+0	112.0480E+0	3.4543E+0	-32.4374E+0	42.9376E-6
57.7745E+0	26.1633E+0	110.8700E+0	3.4341E+0	-32.2846E+0	43.3329E-6
57.9255E+0	27.1700E+0	110.8700E+0	3.4341E+0	-32.2846E+0	43.3329E-6
58.0755E+0	28.1700E+0	109.6110E+0	3.5650E+0	-30.7461E+0	42.5758E-6
58.2250E+0	29.1667E+0	108.9460E+0	3.5751E+0	-30.4735E+0	43.9890E-6
58.3715E+0	30.1433E+0	108.4430E+0	3.5852E+0	-30.2476E+0	43.2276E-6
58.5010E+0	31.0067E+0	107.6370E+0	3.5953E+0	-29.9387E+0	41.5549E-6
51.0005E+0	-18.9967E+0	-39.7697E+0	3.1823E+0	12.4970E+0	43.2025E-6
51.1745E+0	-17.8367E+0	-39.7395E+0	3.3737E+0	11.7791E+0	44.0295E-6
51.3265E+0	-16.8233E+0	-39.7697E+0	3.3435E+0	11.8946E+0	43.1421E-6
51.4765E+0	-15.8233E+0	-39.7597E+0	3.2831E+0	12.1105E+0	43.2032E-6
51.6245E+0	-14.8367E+0	-39.7295E+0	3.2831E+0	12.1013E+0	43.7374E-6
51.7745E+0	-13.8367E+0	-39.7295E+0	3.3435E+0	11.8826E+0	43.2378E-6
51.9245E+0	-12.8367E+0	-39.6590E+0	3.3334E+0	11.8973E+0	43.1541E-6
52.0755E+0	-11.8300E+0	-39.6590E+0	3.3334E+0	11.8973E+0	43.1541E-6
52.2255E+0	-10.8300E+0	-39.7295E+0	3.3133E+0	11.9909E+0	42.3513E-6
52.3770E+0	-9.8200E+0	-39.7496E+0	3.3435E+0	11.8886E+0	43.5806E-6
52.5270E+0	-8.8200E+0	-39.7496E+0	3.3334E+0	11.9245E+0	41.9187E-6
52.6775E+0	-7.8167E+0	-39.7697E+0	3.3032E+0	12.0396E+0	42.4184E-6
52.8245E+0	-6.8367E+0	-39.6993E+0	3.2630E+0	12.1667E+0	43.0976E-6
52.9730E+0	-5.8467E+0	-39.7899E+0	3.2529E+0	12.2322E+0	43.5730E-6
53.1260E+0	-4.8267E+0	-39.7899E+0	3.2227E+0	12.3469E+0	41.9352E-6
53.2745E+0	-3.8367E+0	-39.7899E+0	3.2428E+0	12.2702E+0	42.8613E-6
53.4250E+0	-2.8333E+0	-39.7496E+0	3.2428E+0	12.2578E+0	42.3389E-6
53.5775E+0	-1.8167E+0	-39.7295E+0	3.2428E+0	12.2516E+0	43.4108E-6
53.7275E+0	-816.6667E-3	-39.7295E+0	3.2428E+0	12.2516E+0	43.4108E-6
53.8775E+0	183.3333E-3	-11.8433E+0	3.4039E+0	3.4793E+0	42.7385E-6
54.0255E+0	1.1700E+0	161.2640E+0	3.5953E+0	-44.8547E+0	42.3743E-6
54.1755E+0	2.1700E+0	163.0670E+0	3.5248E+0	-46.2633E+0	42.9083E-6
54.3090E+0	3.0600E+0	155.8560E+0	3.3636E+0	-46.3354E+0	42.0658E-6
54.4885E+0	4.2567E+0	160.2370E+0	3.3838E+0	-47.3543E+0	42.8773E-6
54.6180E+0	5.1200E+0	150.9320E+0	3.3334E+0	-45.2782E+0	42.8541E-6
54.7785E+0	6.1900E+0	145.3120E+0	3.2529E+0	-44.6718E+0	42.6478E-6
54.9250E+0	7.1667E+0	147.5480E+0	3.3032E+0	-44.6678E+0	43.1665E-6
55.0775E+0	8.1833E+0	147.5480E+0	3.3032E+0	-44.6678E+0	43.1665E-6
55.2250E+0	9.1667E+0	148.0920E+0	3.2630E+0	-45.3859E+0	43.4090E-6
55.3750E+0	10.1667E+0	142.4720E+0	3.2529E+0	-43.7987E+0	43.6986E-6
55.5245E+0	11.1633E+0	137.9400E+0	3.2630E+0	-42.2746E+0	43.1236E-6
55.6700E+0	12.1333E+0	135.2410E+0	3.2730E+0	-41.3199E+0	43.0519E-6
55.8270E+0	13.1800E+0	132.5930E+0	3.3435E+0	-39.6568E+0	43.2747E-6
55.9750E+0	14.1667E+0	129.4610E+0	3.3435E+0	-38.7201E+0	43.1828E-6
56.1250E+0	15.1667E+0	129.4610E+0	3.3435E+0	-38.7201E+0	43.1828E-6
56.2775E+0	16.1833E+0	126.2380E+0	3.2125E+0	-39.2954E+0	42.9277E-6
56.4280E+0	17.1867E+0	124.6270E+0	3.2831E+0	-37.9603E+0	43.5538E-6
56.5740E+0	18.1600E+0	123.1860E+0	3.3032E+0	-37.2926E+0	42.7905E-6
56.7255E+0	19.1700E+0	121.4540E+0	3.2831E+0	-36.9938E+0	42.5626E-6
56.8730E+0	20.1533E+0	120.2660E+0	3.1924E+0	-37.6726E+0	43.0518E-6
57.0245E+0	21.1633E+0	119.2690E+0	3.1723E+0	-37.5975E+0	42.8659E-6
57.1710E+0	22.1400E+0	117.4460E+0	3.2025E+0	-36.6736E+0	42.3693E-6
57.3195E+0	23.1300E+0	117.4460E+0	3.2025E+0	-36.6736E+0	42.3693E-6
57.4855E+0	24.2367E+0	115.6130E+0	3.2932E+0	-35.1070E+0	42.4763E-6
57.6245E+0	25.1633E+0	114.0020E+0	3.3435E+0	-34.0965E+0	43.1416E-6
57.7760E+0	26.1733E+0	112.7630E+0	3.4039E+0	-33.1273E+0	42.2627E-6
57.9255E+0	27.1700E+0	111.7260E+0	3.4241E+0	-32.6296E+0	42.5074E-6
58.0750E+0	28.1667E+0	111.0610E+0	3.4744E+0	-31.9653E+0	42.0465E-6
58.2255E+0	29.1700E+0	110.4370E+0	3.4543E+0	-31.9711E+0	42.8386E-6
58.3725E+0	30.1500E+0	110.2150E+0	3.3435E+0	-32.9639E+0	41.9809E-6
58.5005E+0	31.0033E+0	110.2150E+0	3.3435E+0	-32.9639E+0	41.9809E-6
51.0005E+0	-18.9967E+0	-39.6993E+0	3.2428E+0	12.2423E+0	41.8710E-6
51.1765E+0	-17.8233E+0	-39.7194E+0	3.2630E+0	12.1728E+0	42.6935E-6
51.3270E+0	-16.8200E+0	-39.7194E+0	3.2630E+0	12.1728E+0	42.6935E-6
51.4740E+0	-15.8400E+0	-39.7295E+0	3.2327E+0	12.2897E+0	41.9825E-6
51.6250E+0	-14.8333E+0	-39.7295E+0	3.2327E+0	12.2897E+0	42.8467E-6
51.7745E+0	-13.8367E+0	-39.7295E+0	3.1723E+0	12.5240E+0	42.4549E-6
51.9255E+0	-12.8300E+0	-39.6791E+0	3.2327E+0	12.2741E+0	43.3412E-6
52.0760E+0	-11.8267E+0	-39.6388E+0	3.2125E+0	12.3388E+0	43.4764E-6
52.2250E+0	-10.8333E+0	-39.6791E+0	3.2125E+0	12.3513E+0	43.1353E-6
52.3765E+0	-9.8233E+0	-39.6791E+0	3.2730E+0	12.1231E+0	42.6543E-6
52.5280E+0	-8.8133E+0	-39.6690E+0	3.2227E+0	12.3094E+0	42.1771E-6
52.6770E+0	-7.8200E+0	-39.6690E+0	3.2227E+0	12.3094E+0	42.1771E-6
52.8245E+0	-6.8367E+0	-39.7597E+0	3.2227E+0	12.3375E+0	42.0686E-6
52.9710E+0	-5.8600E+0	-39.7496E+0	3.2630E+0	12.1821E+0	41.9623E-6
53.1245E+0	-4.8367E+0	-39.7395E+0	3.2227E+0	12.3312E+0	43.4225E-6
53.2740E+0	-3.8400E+0	-39.7194E+0	3.2125E+0	12.3639E+0	42.3704E-6
53.4255E+0	-2.8300E+0	-39.8000E+0	3.2327E+0	12.3115E+0	41.6032E-6
53.5775E+0	-1.8167E+0	-39.7295E+0	3.3032E+0	12.0275E+0	42.7621E-6
53.7270E+0	-820.0000E-3	-16.2947E+0	3.4543E+0	4.7172E+0	42.7406E-6
53.8790E+0	193.3333E-3	-16.2947E+0	3.4543E+0	4.7172E+0	42.7406E-6
54.0260E+0	1.1733E+0	186.5220E+0	3.7262E+0	-50.0574E+0	42.4921E-6
54.1755E+0	2.1700E+0	166.3600E+0	3.7060E+0	-44.8891E+0	42.3668E-6
54.3055E+0	3.0367E+0	152.2010E+0	3.6657E+0	-41.5199E+0	43.1684E-6
54.4905E+0	4.2700E+0	157.3060E+0	3.6255E+0	-43.3893E+0	42.6308E-6
54.6215E+0	5.1433E+0	149.8040E+0	3.5650E+0	-42.0203E+0	42.7452E-6
54.7770E+0	6.1800E+0	142.9960E+0	3.5550E+0	-40.2242E+0	42.0009E-6
54.9255E+0	7.1700E+0	144.2850E+0	3.5348E+0	-40.8181E+0	41.5401E-6
55.0760E+0	8.1733E+0	144.8080E+0	3.5046E+0	-41.3191E+0	42.3632E-6
55.2250E+0	9.1667E+0	144.8080E+0	3.5046E+0	-41.3191E+0	42.3632E-6
55.3745E+0	10.1633E+0	140.4480E+0	3.4946E+0	-40.1905E+0	42.0493E-6
55.5245E+0	11.1633E+0	134.7480E+0	3.4744E+0	-38.7829E+0	42.6801E-6
55.6685E+0	12.1233E+0	132.7840E+0	3.5650E+0	-37.2461E+0	40.9500E-6
55.8275E+0	13.1833E+0	131.2230E+0	3.5650E+0	-36.8083E+0	42.0978E-6
55.9735E+0	14.1567E+0	127.5370E+0	3.4442E+0	-37.0294E+0	41.6759E-6
56.1210E+0	15.1400E+0	125.1300E+0	3.4140E+0	-36.6520E+0	41.8889E-6
56.2615E+0	16.0767E+0	123.3880E+0	3.4442E+0	-35.8248E+0	41.7682E-6
56.4290E+0	17.1933E+0	123.3880E+0	3.4442E+0	-35.8248E+0	41.7682E-6
56.5720E+0	18.1467E+0	121.8270E+0	3.4140E+0	-35.6845E+0	40.6862E-6
56.7255E+0	19.1700E+0	120.0440E+0	3.5147E+0	-34.1549E+0	41.7031E-6
56.8715E+0	20.1433E+0	119.2690E+0	3.4241E+0	-34.8325E+0	42.3448E-6
57.0255E+0	21.1700E+0	118.1710E+0	3.4241E+0	-34.5119E+0	41.9108E-6
57.1730E+0	22.1533E+0	117.0130E+0	3.3838E+0	-34.5805E+0	41.9380E-6
57.3245E+0	23.1633E+0	115.8750E+0	3.3032E+0	-35.0793E+0	42.6197E-6
57.4770E+0	24.1800E+0	114.4850E+0	3.3435E+0	-34.2410E+0	42.7695E-6
57.6265E+0	25.1767E+0	113.6090E+0	3.3234E+0	-34.1849E+0	41.6611E-6
57.7755E+0	26.1700E+0	112.8240E+0	3.2831E+0	-34.3652E+0	42.2260E-6
57.9255E+0	27.1700E+0	112.8240E+0	3.2831E+0	-34.3652E+0	42.2260E-6
58.0755E+0	28.1700E+0	112.0180E+0	3.2831E+0	-34.1197E+0	41.4153E-6
58.2245E+0	29.1633E+0	111.2420E+0	3.2730E+0	-33.9876E+0	42.3341E-6
58.3705E+0	30.1367E+0	110.7590E+0	3.2932E+0	-33.6330E+0	41.9800E-6
58.5055E+0	31.0367E+0	110.3160E+0	3.2932E+0	-33.4985E+0	41.5646E-6
51.0005E+0	-18.9967E+0	-39.6791E+0	2.9910E+0	13.2662E+0	43.7306E-6
51.1810E+0	-17.7933E+0	-39.7093E+0	3.0615E+0	12.9706E+0	43.0387E-6
51.3255E+0	-16.8300E+0	-39.6791E+0	3.0917E+0	12.8341E+0	42.1035E-6
51.4765E+0	-15.8233E+0	-39.6993E+0	3.0917E+0	12.8406E+0	42.8637E-6
51.6250E+0	-14.8333E+0	-39.7597E+0	3.0514E+0	13.0299E+0	42.8014E-6
51.7755E+0	-13.8300E+0	-39.7496E+0	3.0313E+0	13.1131E+0	42.9249E-6
51.9250E+0	-12.8333E+0	-39.7496E+0	3.0313E+0	13.1131E+0	42.9249E-6
52.0755E+0	-11.8300E+0	-39.7597E+0	3.0514E+0	13.0299E+0	41.2868E-6
52.2240E+0	-10.8400E+0	-39.8000E+0	2.9809E+0	13.3515E+0	42.5042E-6
52.3760E+0	-9.8267E+0	-39.7899E+0	2.9809E+0	13.3481E+0	43.0460E-6
52.5285E+0	-8.8100E+0	-39.7798E+0	3.0313E+0	13.1231E+0	41.9636E-6
52.6760E+0	-7.8267E+0	-39.7798E+0	3.1018E+0	12.8249E+0	42.2954E-6
52.8250E+0	-6.8333E+0	-39.7798E+0	3.0413E+0	13.0797E+0	42.5527E-6
52.9745E+0	-5.8367E+0	-39.6892E+0	3.0615E+0	12.9640E+0	42.0633E-6
53.1245E+0	-4.8367E+0	-39.6993E+0	3.0514E+0	13.0101E+0	42.4283E-6
53.2755E+0	-3.8300E+0	-39.7597E+0	3.0716E+0	12.9445E+0	43.0698E-6
53.4260E+0	-2.8267E+0	-39.5986E+0	3.1320E+0	12.6433E+0	42.9672E-6
53.5765E+0	-1.8233E+0	-39.5986E+0	3.1320E+0	12.6433E+0	42.9672E-6
53.7280E+0	-813.3333E-3	-35.5501E+0	3.1219E+0	11.3873E+0	42.0970E-6
53.8790E+0	193.3333E-3	37.7052E+0	3.2025E+0	-11.7738E+0	42.2813E-6
54.0255E+0	1.1700E+0	197.9620E+0	3.4744E+0	-56.9770E+0	41.6349E-6
54.1760E+0	2.1733E+0	163.9730E+0	3.4845E+0	-47.0580E+0	41.6344E-6
54.3000E+0	3.0000E+0	158.3740E+0	3.4341E+0	-46.1175E+0	41.4799E-6
54.4985E+0	4.3233E+0	161.5460E+0	3.3838E+0	-47.7411E+0	42.7725E-6
54.6205E+0	5.1367E+0	161.5460E+0	3.3838E+0	-47.7411E+0	42.7725E-6
54.7770E+0	6.1800E+0	151.0830E+0	3.3939E+0	-44.5166E+0	42.4432E-6
54.9255E+0	7.1700E+0	146.8530E+0	3.3334E+0	-44.0545E+0	42.4622E-6
55.0770E+0	8.1800E+0	149.6530E+0	3.3032E+0	-45.3050E+0	42.9168E-6
55.2245E+0	9.1633E+0	147.5280E+0	3.2428E+0	-45.4939E+0	42.4357E-6
55.3745E+0	10.1633E+0	142.2400E+0	3.2428E+0	-43.8632E+0	42.9421E-6
55.5240E+0	11.1600E+0	137.6180E+0	3.2428E+0	-42.4379E+0	43.4044E-6
55.6675E+0	12.1167E+0	134.5870E+0	3.2831E+0	-40.9940E+0	42.6470E-6
55.8305E+0	13.2033E+0	134.5870E+0	3.2831E+0	-40.9940E+0	42.6470E-6
55.9740E+0	14.1600E+0	131.8980E+0	3.3133E+0	-39.8086E+0	43.0016E-6
56.1270E+0	15.1800E+0	128.5040E+0	3.3536E+0	-38.3185E+0	43.2953E-6
56.2765E+0	16.1767E+0	125.8350E+0	3.3838E+0	-37.1876E+0	42.9803E-6
56.4275E+0	17.1833E+0	124.3650E+0	3.3838E+0	-36.7532E+0	42.2316E-6
56.5740E+0	18.1600E+0	122.8740E+0	3.3234E+0	-36.9727E+0	42.4485E-6
56.7255E+0	19.1700E+0	120.8900E+0	3.4140E+0	-35.4101E+0	41.8667E-6
56.8730E+0	20.1533E+0	119.6920E+0	3.3536E+0	-35.6908E+0	43.0338E-6
57.0260E+0	21.1733E+0	118.0600E+0	3.3334E+0	-35.4169E+0	42.2184E-6
57.1715E+0	22.1433E+0	118.0600E+0	3.3334E+0	-35.4169E+0	42.2184E-6
57.3255E+0	23.1700E+0	116.1070E+0	3.3939E+0	-34.2109E+0	42.5307E-6
57.4765E+0	24.1767E+0	114.8380E+0	3.3334E+0	-34.4503E+0	42.8645E-6
57.6255E+0	25.1700E+0	113.8610E+0	3.3939E+0	-33.5491E+0	42.4907E-6
57.7760E+0	26.1733E+0	113.0650E+0	3.4241E+0	-33.0206E+0	41.7900E-6
57.9255E+0	27.1700E+0	112.3300E+0	3.3334E+0	-33.6979E+0	42.9241E-6
58.0740E+0	28.1600E+0	111.7460E+0	3.3435E+0	-33.4218E+0	41.8609E-6
58.2240E+0	29.1600E+0	111.2730E+0	3.3435E+0	-33.2803E+0	43.1487E-6
58.3685E+0	30.1233E+0	111.0210E+0	3.4241E+0	-32.4237E+0	42.2808E-6
58.5095E+0	31.0633E+0	110.7290E+0	3.4140E+0	-32.4338E+0	42.0100E-6
51.0005E+0	-18.9967E+0	-39.6791E+0	3.1320E+0	12.6690E+0	42.6464E-6
51.1780E+0	-17.8133E+0	-39.7899E+0	3.1320E+0	12.7044E+0	42.8946E-6
51.3250E+0	-16.8333E+0	-39.7496E+0	3.1622E+0	12.5703E+0	43.7894E-6
51.4765E+0	-15.8233E+0	-39.7496E+0	3.1622E+0	12.5703E+0	43.7894E-6
51.6245E+0	-14.8367E+0	-39.6590E+0	3.2125E+0	12.3451E+0	42.4199E-6
51.7750E+0	-13.8333E+0	-39.7395E+0	3.1219E+0	12.7292E+0	42.1387E-6
51.9240E+0	-12.8400E+0	-39.6892E+0	3.0816E+0	12.8793E+0	42.0061E-6
52.0750E+0	-11.8333E+0	-39.7395E+0	3.0917E+0	12.8536E+0	43.2639E-6
52.2255E+0	-10.8300E+0	-39.7697E+0	3.1420E+0	12.6572E+0	42.5220E-6
52.3760E+0	-9.8267E+0	-39.7395E+0	3.1320E+0	12.6883E+0	43.5686E-6
52.5280E+0	-8.8133E+0	-39.7496E+0	3.1118E+0	12.7737E+0	44.2079E-6
52.6770E+0	-7.8200E+0	-39.7697E+0	3.1723E+0	12.5367E+0	43.9167E-6
52.8255E+0	-6.8300E+0	-39.7697E+0	3.1723E+0	12.5367E+0	43.9167E-6
52.9755E+0	-5.8300E+0	-39.6791E+0	3.1420E+0	12.6284E+0	43.1615E-6
53.1245E+0	-4.8367E+0	-39.6892E+0	3.1723E+0	12.5113E+0	43.3644E-6
53.2760E+0	-3.8267E+0	-39.7093E+0	3.2025E+0	12.3996E+0	43.4043E-6
53.4250E+0	-2.8333E+0	-39.7597E+0	3.3334E+0	11.9275E+0	43.7369E-6
53.5775E+0	-1.8167E+0	-39.4274E+0	3.3234E+0	11.8637E+0	43.7686E-6
53.7275E+0	-816.6667E-3	-24.8951E+0	3.3636E+0	7.4012E+0	42.7767E-6
53.8780E+0	186.6667E-3	120.9910E+0	3.5449E+0	-34.1310E+0	42.8127E-6
54.0260E+0	1.1733E+0	120.9910E+0	3.5449E+0	-34.1310E+0	42.8127E-6
54.1755E+0	2.1700E+0	180.9230E+0	3.6657E+0	-49.3551E+0	43.0846E-6
54.3085E+0	3.0567E+0	156.5410E+0	3.5147E+0	-44.5391E+0	42.3077E-6
54.4920E+0	4.2800E+0	161.5260E+0	3.4543E+0	-46.7611E+0	42.7699E-6
54.6195E+0	5.1300E+0	156.2590E+0	3.4442E+0	-45.3686E+0	42.2450E-6
54.7770E+0	6.1800E+0	146.6820E+0	3.3838E+0	-43.3484E+0	42.9026E-6
54.9255E+0	7.1700E+0	146.8730E+0	3.4039E+0	-43.1481E+0	43.1506E-6
55.0775E+0	8.1833E+0	147.3460E+0	3.4241E+0	-43.0324E+0	42.4030E-6
55.2250E+0	9.1667E+0	147.3460E+0	3.4241E+0	-43.0324E+0	42.4030E-6
55.3750E+0	10.1667E+0	142.5120E+0	3.4744E+0	-41.0175E+0	42.3339E-6
55.5250E+0	11.1667E+0	136.3490E+0	3.4644E+0	-39.3577E+0	43.1572E-6
55.6725E+0	12.1500E+0	134.0930E+0	3.5449E+0	-37.8270E+0	42.7498E-6
55.8255E+0	13.1700E+0	131.9580E+0	3.5248E+0	-37.4374E+0	42.3347E-6
55.9750E+0	14.1667E+0	128.0000E+0	3.4946E+0	-36.6284E+0	41.6683E-6
56.1265E+0	15.1767E+0	125.3920E+0	3.5046E+0	-35.7790E+0	41.4497E-6
56.2770E+0	16.1800E+0	123.9520E+0	3.4442E+0	-35.9885E+0	42.0215E-6
56.4275E+0	17.1833E+0	123.9520E+0	3.4442E+0	-35.9885E+0	42.0215E-6
56.5745E+0	18.1633E+0	122.4210E+0	3.3939E+0	-36.0713E+0	40.9706E-6
56.7245E+0	19.1633E+0	120.6180E+0	3.3636E+0	-35.8593E+0	42.1123E-6
56.8740E+0	20.1600E+0	119.3800E+0	3.3838E+0	-35.2800E+0	43.1852E-6
57.0240E+0	21.1600E+0	117.6680E+0	3.3234E+0	-35.4062E+0	42.6140E-6
57.1695E+0	22.1300E+0	116.0660E+0	3.4241E+0	-33.8971E+0	42.9411E-6
57.3260E+0	23.1733E+0	114.6460E+0	3.4442E+0	-33.2866E+0	41.8744E-6
57.4775E+0	24.1833E+0	114.6460E+0	3.4442E+0	-33.2866E+0	41.8744E-6
57.6265E+0	25.1767E+0	113.6390E+0	3.4845E+0	-32.6128E+0	42.7680E-6
57.7760E+0	26.1733E+0	113.0850E+0	3.4744E+0	-32.5479E+0	41.7917E-6
57.9250E+0	27.1667E+0	112.4110E+0	3.4241E+0	-32.8296E+0	43.1801E-6
58.0750E+0	28.1667E+0	111.2420E+0	3.4946E+0	-31.8329E+0	42.4211E-6
58.2260E+0	29.1733E+0	110.3760E+0	3.5248E+0	-31.3145E+0	42.8329E-6
58.3715E+0	30.1433E+0	109.9940E+0	3.4341E+0	-32.0296E+0	42.2594E-6
58.5040E+0	31.0267E+0	109.5500E+0	3.4241E+0	-31.9941E+0	41.9404E-6
51.0005E+0	-18.9967E+0	-39.6388E+0	3.2630E+0	12.1481E+0	41.2091E-6
51.1840E+0	-17.7733E+0	-39.6791E+0	3.2730E+0	12.1231E+0	40.7718E-6
51.3250E+0	-16.8333E+0	-39.6690E+0	3.2529E+0	12.1950E+0	41.6282E-6
51.4750E+0	-15.8333E+0	-39.6993E+0	3.2529E+0	12.2044E+0	42.6029E-6
51.6255E+0	-14.8300E+0	-39.6993E+0	3.2529E+0	12.2044E+0	42.6029E-6
51.7750E+0	-13.8333E+0	-39.6993E+0	3.1823E+0	12.4749E+0	43.1179E-6
51.9260E+0	-12.8267E+0	-39.6993E+0	3.2529E+0	12.2044E+0	42.1422E-6
52.0750E+0	-11.8333E+0	-39.7194E+0	3.2630E+0	12.1728E+0	42.1267E-6
52.2255E+0	-10.8300E+0	-39.6690E+0	3.2227E+0	12.3094E+0	41.2194E-6
52.3765E+0	-9.8233E+0	-39.6690E+0	3.1521E+0	12.5849E+0	42.4456E-6
52.5270E+0	-8.8200E+0	-39.7295E+0	3.2529E+0	12.2136E+0	41.7888E-6
52.6755E+0	-7.8300E+0	-39.7496E+0	3.3334E+0	11.9245E+0	41.0753E-6
52.8245E+0	-6.8367E+0	-39.6892E+0	3.3838E+0	11.7292E+0	40.7467E-6
52.9745E+0	-5.8367E+0	-39.6892E+0	3.3838E+0	11.7292E+0	40.7467E-6
53.1240E+0	-4.8400E+0	-39.6690E+0	3.4442E+0	11.5176E+0	41.2189E-6
53.2760E+0	-3.8267E+0	-39.6791E+0	3.3334E+0	11.9033E+0	41.8004E-6
53.4250E+0	-2.8333E+0	-39.5885E+0	3.3032E+0	11.9848E+0	40.7504E-6
53.5755E+0	-1.8300E+0	-39.6187E+0	3.3032E+0	11.9939E+0	41.4094E-6
53.7275E+0	-816.6667E-3	-11.4002E+0	3.2831E+0	3.4724E+0	42.0300E-6
53.8785E+0	190.0000E-3	149.4110E+0	3.5953E+0	-41.5579E+0	41.6860E-6
54.0260E+0	1.1733E+0	149.4110E+0	3.5953E+0	-41.5579E+0	41.6860E-6
54.1740E+0	2.1600E+0	177.8010E+0	3.7463E+0	-47.4604E+0	40.2085E-6
54.3000E+0	3.0000E+0	153.4900E+0	3.7564E+0	-40.8613E+0	41.1298E-6
54.4795E+0	4.1967E+0	158.8170E+0	3.6960E+0	-42.9705E+0	40.6967E-6
54.6220E+0	5.1467E+0	153.1670E+0	3.6355E+0	-42.1306E+0	41.3221E-6
54.7770E+0	6.1800E+0	143.2270E+0	3.6456E+0	-39.2876E+0	42.4072E-6
54.9255E+0	7.1700E+0	143.5090E+0	3.6355E+0	-39.4740E+0	40.8032E-6
55.0760E+0	8.1733E+0	144.3250E+0	3.6960E+0	-39.0495E+0	41.4149E-6
55.2245E+0	9.1633E+0	144.3250E+0	3.6960E+0	-39.0495E+0	41.4149E-6
55.3755E+0	10.1700E+0	138.0710E+0	3.6657E+0	-37.6652E+0	42.7189E-6
55.5235E+0	11.1567E+0	133.4890E+0	3.5650E+0	-37.4439E+0	42.5418E-6
55.6630E+0	12.0867E+0	131.5250E+0	3.5751E+0	-36.7891E+0	41.5003E-6
55.8375E+0	13.2500E+0	129.2190E+0	3.5953E+0	-35.9416E+0	41.8148E-6
55.9710E+0	14.1400E+0	126.6410E+0	3.4946E+0	-36.2395E+0	41.0075E-6
56.1220E+0	15.1467E+0	124.0630E+0	3.5248E+0	-35.1976E+0	42.1596E-6
56.2775E+0	16.1833E+0	124.0630E+0	3.5248E+0	-35.1976E+0	42.1596E-6
56.4265E+0	17.1767E+0	122.4710E+0	3.5953E+0	-34.0647E+0	41.9441E-6
56.5740E+0	18.1600E+0	121.3230E+0	3.5650E+0	-34.0313E+0	41.8505E-6
56.7260E+0	19.1733E+0	119.7720E+0	3.3939E+0	-35.2908E+0	41.5082E-6
56.8730E+0	20.1533E+0	118.2010E+0	3.3838E+0	-34.9315E+0	42.0339E-6
57.0200E+0	21.1333E+0	116.5400E+0	3.5046E+0	-33.2532E+0	41.6547E-6
57.1565E+0	22.0433E+0	114.7270E+0	3.4946E+0	-32.8302E+0	41.5770E-6
57.3440E+0	23.2933E+0	114.7270E+0	3.4946E+0	-32.8302E+0	41.5770E-6
57.4510E+0	24.0067E+0	113.2670E+0	3.5046E+0	-32.3192E+0	41.6763E-6
57.6210E+0	25.1400E+0	111.9070E+0	3.5449E+0	-31.5685E+0	42.1161E-6
57.7750E+0	26.1667E+0	110.9300E+0	3.5449E+0	-31.2928E+0	41.9284E-6
57.9260E+0	27.1733E+0	110.1250E+0	3.5147E+0	-31.3328E+0	42.6195E-6
58.0745E+0	28.1633E+0	109.3590E+0	3.5046E+0	-31.2041E+0	43.1579E-6
58.2240E+0	29.1600E+0	108.8560E+0	3.4543E+0	-31.5134E+0	42.4246E-6
58.3720E+0	30.1467E+0	108.5540E+0	3.4744E+0	-31.2438E+0	42.5815E-6
58.5155E+0	31.1033E+0	108.5540E+0	3.4744E+0	-31.2438E+0	42.5815E-6
51.0005E+0	-18.9967E+0	-39.7496E+0	3.1521E+0	12.6104E+0	43.2338E-6
51.1670E+0	-17.8867E+0	-39.7597E+0	3.2428E+0	12.2609E+0	42.5110E-6
51.3255E+0	-16.8300E+0	-39.7395E+0	3.2025E+0	12.4090E+0	43.0838E-6
51.4755E+0	-15.8300E+0	-39.7194E+0	3.2025E+0	12.4027E+0	42.4888E-6
51.6260E+0	-14.8267E+0	-39.6791E+0	3.2630E+0	12.1605E+0	42.2228E-6
51.7755E+0	-13.8300E+0	-39.6791E+0	3.2630E+0	12.1605E+0	42.2228E-6
51.9245E+0	-12.8367E+0	-39.6590E+0	3.2025E+0	12.3839E+0	42.6181E-6
52.0750E+0	-11.8333E+0	-39.6791E+0	3.1420E+0	12.6284E+0	42.1213E-6
52.2240E+0	-10.8400E+0	-39.7194E+0	3.1420E+0	12.6412E+0	43.1084E-6
52.3760E+0	-9.8267E+0	-39.7697E+0	3.1420E+0	12.6572E+0	43.2165E-6
52.5265E+0	-8.8233E+0	-39.7798E+0	3.1219E+0	12.7421E+0	43.2554E-6
52.6770E+0	-7.8200E+0	-39.7395E+0	3.1219E+0	12.7292E+0	42.7724E-6
52.8255E+0	-6.8300E+0	-39.7798E+0	3.2428E+0	12.2671E+0	42.0585E-6
52.9710E+0	-5.8600E+0	-39.7798E+0	3.2428E+0	12.2671E+0	42.0585E-6
53.1275E+0	-4.8167E+0	-39.7295E+0	3.2227E+0	12.3281E+0	41.9546E-6
53.2750E+0	-3.8333E+0	-39.7295E+0	3.1118E+0	12.7672E+0	42.0675E-6
53.4250E+0	-2.8333E+0	-39.7395E+0	3.1924E+0	12.4482E+0	42.2327E-6
53.5770E+0	-1.8200E+0	-39.8201E+0	3.1924E+0	12.4734E+0	41.7294E-6
53.7270E+0	-820.0000E-3	-26.9596E+0	3.2831E+0	8.2117E+0	41.9864E-6
53.8790E+0	193.3333E-3	128.6350E+0	3.5550E+0	-36.1846E+0	42.0141E-6
54.0270E+0	1.1800E+0	184.5780E+0	3.6053E+0	-51.1960E+0	42.1213E-6
54.1750E+0	2.1667E+0	158.8070E+0	3.4946E+0	-45.4441E+0	42.1649E-6
54.3065E+0	3.0433E+0	158.8070E+0	3.4946E+0	-45.4441E+0	42.1649E-6
54.4785E+0	4.1900E+0	162.2610E+0	3.3737E+0	-48.0956E+0	41.7265E-6
54.6220E+0	5.1467E+0	158.7870E+0	3.4543E+0	-45.9682E+0	42.0311E-6
54.7765E+0	6.1767E+0	147.2860E+0	3.4039E+0	-43.2694E+0	42.8593E-6
54.9260E+0	7.1733E+0	145.6750E+0	3.4140E+0	-42.6699E+0	42.7098E-6
55.0765E+0	8.1767E+0	146.2490E+0	3.4039E+0	-42.9647E+0	42.3214E-6
55.2245E+0	9.1633E+0	141.6970E+0	3.4341E+0	-41.2613E+0	43.2158E-6
55.3750E+0	10.1667E+0	141.6970E+0	3.4341E+0	-41.2613E+0	43.2158E-6
55.5240E+0	11.1600E+0	136.2890E+0	3.4241E+0	-39.8032E+0	43.5511E-6
55.6595E+0	12.0633E+0	133.6700E+0	3.3435E+0	-39.9789E+0	42.5487E-6
55.8405E+0	13.2700E+0	131.4850E+0	3.4039E+0	-38.6274E+0	41.2919E-6
55.9715E+0	14.1433E+0	127.7380E+0	3.3334E+0	-38.3202E+0	42.4873E-6
56.1265E+0	15.1767E+0	125.5530E+0	3.3435E+0	-37.5513E+0	42.3246E-6
56.2775E+0	16.1833E+0	124.2540E+0	3.3234E+0	-37.3880E+0	41.7726E-6
56.4260E+0	17.1733E+0	122.9140E+0	3.3737E+0	-36.4328E+0	42.2276E-6
56.5750E+0	18.1667E+0	121.4140E+0	3.3435E+0	-36.3133E+0	41.7578E-6
56.7255E+0	19.1700E+0	120.3970E+0	3.2932E+0	-36.5597E+0	41.5308E-6
56.8740E+0	20.1600E+0	120.3970E+0	3.2932E+0	-36.5597E+0	41.5308E-6
57.0220E+0	21.1467E+0	119.0980E+0	3.3032E+0	-36.0550E+0	42.1467E-6
57.1595E+0	22.0633E+0	117.7680E+0	3.3334E+0	-35.3293E+0	42.0514E-6
57.3415E+0	23.2767E+0	116.3480E+0	3.2025E+0	-36.3307E+0	41.8683E-6
57.4740E+0	24.1600E+0	115.1300E+0	3.2025E+0	-35.9504E+0	42.2903E-6
57.6270E+0	25.1800E+0	114.0420E+0	3.2831E+0	-34.7362E+0	42.7534E-6
57.7760E+0	26.1733E+0	112.9240E+0	3.2932E+0	-34.2905E+0	42.0240E-6
57.9255E+0	27.1700E+0	112.9240E+0	3.2932E+0	-34.2905E+0	42.0240E-6
58.0745E+0	28.1633E+0	111.5040E+0	3.2529E+0	-34.2785E+0	42.7570E-6
58.2245E+0	29.1633E+0	110.6990E+0	3.3536E+0	-33.0092E+0	42.1149E-6
58.3685E+0	30.1233E+0	110.2960E+0	3.4140E+0	-32.3070E+0	42.6632E-6
58.5080E+0	31.0533E+0	110.1040E+0	3.3234E+0	-33.1302E+0	42.7970E-6
51.0005E+0	-18.9967E+0	-39.6489E+0	3.2025E+0	12.3807E+0	41.7776E-6
51.1795E+0	-17.8033E+0	-39.6690E+0	3.2025E+0	12.3870E+0	41.8299E-6
51.3250E+0	-16.8333E+0	-39.7899E+0	3.2227E+0	12.3469E+0	42.8792E-6
51.4765E+0	-15.8233E+0	-39.6892E+0	3.2025E+0	12.3933E+0	41.8180E-6
51.6235E+0	-14.8433E+0	-39.6590E+0	3.1320E+0	12.6626E+0	41.4230E-6
51.7755E+0	-13.8300E+0	-39.6288E+0	3.0917E+0	12.8178E+0	41.4144E-6
51.9250E+0	-12.8333E+0	-39.7093E+0	3.1018E+0	12.8021E+0	41.9049E-6
52.0750E+0	-11.8333E+0	-39.7093E+0	3.1018E+0	12.8021E+0	41.9049E-6
52.2250E+0	-10.8333E+0	-39.7496E+0	3.1018E+0	12.8151E+0	41.1968E-6
52.3750E+0	-9.8333E+0	-39.6892E+0	3.0716E+0	12.9215E+0	41.4092E-6
52.5280E+0	-8.8133E+0	-39.7093E+0	3.1622E+0	12.5575E+0	41.3949E-6
52.6775E+0	-7.8167E+0	-39.7194E+0	3.2529E+0	12.2105E+0	41.7970E-6
52.8260E+0	-6.8267E+0	-39.7194E+0	3.3435E+0	11.8796E+0	41.9571E-6
52.9740E+0	-5.8400E+0	-39.7093E+0	3.4341E+0	11.5631E+0	40.7303E-6
53.1250E+0	-4.8333E+0	-39.6892E+0	3.3838E+0	11.7292E+0	42.0849E-6
53.2745E+0	-3.8367E+0	-39.6590E+0	3.2932E+0	12.0428E+0	42.2881E-6
53.4265E+0	-2.8233E+0	-39.7496E+0	3.2327E+0	12.2959E+0	42.2968E-6
53.5780E+0	-1.8133E+0	-39.7496E+0	3.2327E+0	12.2959E+0	42.2968E-6
53.7280E+0	-813.3333E-3	-39.4475E+0	3.2630E+0	12.0895E+0	41.9430E-6
53.8795E+0	196.6667E-3	-1.4402E+0	3.3334E+0	432.0372E-3	40.9284E-6
54.0265E+0	1.1767E+0	185.6360E+0	3.5650E+0	-52.0712E+0	40.8555E-6
54.1750E+0	2.1667E+0	161.2940E+0	3.7060E+0	-43.5222E+0	41.4510E-6
54.3065E+0	3.0433E+0	156.0170E+0	3.5650E+0	-43.7630E+0	39.8161E-6
54.4845E+0	4.2300E+0	158.9780E+0	3.5147E+0	-45.2324E+0	40.6983E-6
54.6225E+0	5.1500E+0	158.9780E+0	3.5147E+0	-45.2324E+0	40.6983E-6
54.7770E+0	6.1800E+0	148.0410E+0	3.5751E+0	-41.4088E+0	40.6869E-6
54.9260E+0	7.1733E+0	144.6570E+0	3.5248E+0	-41.0402E+0	40.6561E-6
55.0760E+0	8.1733E+0	147.3260E+0	3.4644E+0	-42.5263E+0	40.4705E-6
55.2245E+0	9.1633E+0	145.0800E+0	3.3737E+0	-43.0030E+0	41.3925E-6
55.3760E+0	10.1733E+0	139.0480E+0	3.4442E+0	-40.3715E+0	40.9232E-6
55.5235E+0	11.1567E+0	135.1000E+0	3.4341E+0	-39.3403E+0	41.3004E-6
55.6680E+0	12.1200E+0	132.6230E+0	3.4543E+0	-38.3938E+0	42.4244E-6
55.8320E+0	13.2133E+0	130.2760E+0	3.4946E+0	-37.2797E+0	39.7665E-6
55.9735E+0	14.1567E+0	130.2760E+0	3.4946E+0	-37.2797E+0	39.7665E-6
56.1255E+0	15.1700E+0	127.6180E+0	3.4241E+0	-37.2709E+0	41.2970E-6
56.2780E+0	16.1867E+0	124.9690E+0	3.4845E+0	-35.8644E+0	40.7753E-6
56.4260E+0	17.1733E+0	123.3580E+0	3.4241E+0	-36.0267E+0	41.9827E-6
56.5750E+0	18.1667E+0	121.8870E+0	3.3435E+0	-36.4548E+0	41.6938E-6
56.7255E+0	19.1700E+0	119.8330E+0	3.3939E+0	-35.3088E+0	41.7602E-6
56.8730E+0	20.1533E+0	118.2920E+0	3.3737E+0	-35.0628E+0	41.3095E-6
57.0245E+0	21.1633E+0	118.2920E+0	3.3737E+0	-35.0628E+0	41.3095E-6
57.1660E+0	22.1067E+0	116.9020E+0	3.4241E+0	-34.1412E+0	42.1365E-6
57.3355E+0	23.2367E+0	115.3920E+0	3.4341E+0	-33.6014E+0	42.1508E-6
57.4735E+0	24.1567E+0	113.9210E+0	3.3636E+0	-33.8683E+0	41.8280E-6
57.6270E+0	25.1800E+0	112.8030E+0	3.4039E+0	-33.1390E+0	42.1539E-6
57.7755E+0	26.1700E+0	112.0580E+0	3.4442E+0	-32.5352E+0	42.1594E-6
57.9255E+0	27.1700E+0	111.4540E+0	3.3838E+0	-32.9376E+0	41.9911E-6
58.0745E+0	28.1633E+0	110.7090E+0	3.4039E+0	-32.5239E+0	41.5849E-6
58.2250E+0	29.1667E+0	110.7090E+0	3.4039E+0	-32.5239E+0	41.5849E-6
58.3700E+0	30.1333E+0	110.2150E+0	3.4140E+0	-32.2832E+0	41.3869E-6
58.5080E+0	31.0533E+0	109.9430E+0	3.3737E+0	-32.5881E+0	42.0770E-6
51.0005E+0	-18.9967E+0	-39.7093E+0	3.1823E+0	12.4781E+0	42.5320E-6
51.1780E+0	-17.8133E+0	-39.7295E+0	3.2227E+0	12.3281E+0	43.0171E-6
51.3245E+0	-16.8367E+0	-39.7295E+0	3.2227E+0	12.3281E+0	43.0171E-6
51.4765E+0	-15.8233E+0	-39.6993E+0	3.1823E+0	12.4749E+0	43.8955E-6
51.6230E+0	-14.8467E+0	-39.7093E+0	3.1219E+0	12.7196E+0	42.5209E-6
51.7745E+0	-13.8367E+0	-39.7395E+0	3.1420E+0	12.6476E+0	42.3835E-6
51.9240E+0	-12.8400E+0	-39.7798E+0	3.1320E+0	12.7012E+0	42.9022E-6
52.0760E+0	-11.8267E+0	-39.6993E+0	3.1420E+0	12.6348E+0	41.4500E-6
52.2255E+0	-10.8300E+0	-39.6993E+0	3.0716E+0	12.9248E+0	42.4807E-6
52.3755E+0	-9.8300E+0	-39.7697E+0	3.1219E+0	12.7389E+0	41.6530E-6
52.5265E+0	-8.8233E+0	-39.7798E+0	3.2529E+0	12.2291E+0	42.9593E-6
52.6770E+0	-7.8200E+0	-39.6791E+0	3.2428E+0	12.2360E+0	43.3588E-6
52.8255E+0	-6.8300E+0	-39.6791E+0	3.2428E+0	12.2360E+0	43.3588E-6
52.9720E+0	-5.8533E+0	-39.6690E+0	3.2831E+0	12.0828E+0	42.2989E-6
53.1250E+0	-4.8333E+0	-39.7395E+0	3.2125E+0	12.3701E+0	41.8666E-6
53.2755E+0	-3.8300E+0	-39.6892E+0	3.1622E+0	12.5512E+0	42.1835E-6
53.4255E+0	-2.8300E+0	-39.7395E+0	3.1723E+0	12.5272E+0	42.1967E-6
53.5770E+0	-1.8200E+0	-39.6489E+0	3.1622E+0	12.5384E+0	42.4072E-6
53.7270E+0	-820.0000E-3	-29.1450E+0	3.1521E+0	9.2462E+0	42.5361E-6
53.8750E+0	166.6667E-3	103.1760E+0	3.3435E+0	-30.8586E+0	42.2451E-6
54.0260E+0	1.1733E+0	188.3350E+0	3.5751E+0	-52.6795E+0	42.5929E-6
54.1725E+0	2.1500E+0	160.4080E+0	3.4644E+0	-46.3025E+0	42.2802E-6
54.3005E+0	3.0033E+0	160.4080E+0	3.4644E+0	-46.3025E+0	42.2802E-6
54.4875E+0	4.2500E+0	161.4250E+0	3.3838E+0	-47.7054E+0	41.9082E-6
54.6235E+0	5.1567E+0	160.1060E+0	3.3838E+0	-47.3156E+0	41.1263E-6
54.7755E+0	6.1700E+0	148.9580E+0	3.2932E+0	-45.2325E+0	42.0697E-6
54.9265E+0	7.1767E+0	147.2860E+0	3.3234E+0	-44.3183E+0	43.1553E-6
55.0765E+0	8.1767E+0	148.3840E+0	3.3536E+0	-44.2464E+0	41.9453E-6
55.2245E+0	9.1633E+0	144.0530E+0	3.4543E+0	-41.7028E+0	42.7741E-6
55.3760E+0	10.1733E+0	144.0530E+0	3.4543E+0	-41.7028E+0	42.7741E-6
55.5240E+0	11.1600E+0	137.1550E+0	3.4946E+0	-39.2481E+0	42.7478E-6
55.6545E+0	12.0300E+0	134.8280E+0	3.4946E+0	-38.5823E+0	43.5381E-6
55.8335E+0	13.2233E+0	133.1770E+0	3.5348E+0	-37.6756E+0	42.8581E-6
55.9715E+0	14.1433E+0	129.7730E+0	3.5550E+0	-36.5047E+0	42.2660E-6
56.1250E+0	15.1667E+0	126.3990E+0	3.4946E+0	-36.1702E+0	41.6923E-6
56.2785E+0	16.1900E+0	124.5660E+0	3.4543E+0	-36.0613E+0	41.7467E-6
56.4265E+0	17.1767E+0	122.9850E+0	3.4644E+0	-35.5002E+0	41.8433E-6
56.5750E+0	18.1667E+0	121.4340E+0	3.4946E+0	-34.7494E+0	42.4491E-6
56.7250E+0	19.1667E+0	119.7520E+0	3.4543E+0	-34.6677E+0	43.2832E-6
56.8735E+0	20.1567E+0	119.7520E+0	3.4543E+0	-34.6677E+0	43.2832E-6
57.0210E+0	21.1400E+0	118.1510E+0	3.4241E+0	-34.5060E+0	42.5020E-6
57.1585E+0	22.0567E+0	116.8820E+0	3.3334E+0	-35.0635E+0	43.1552E-6
57.3420E+0	23.2800E+0	115.5330E+0	3.3737E+0	-34.2450E+0	43.3617E-6
57.4735E+0	24.1567E+0	114.1730E+0	3.3435E+0	-34.1476E+0	41.8188E-6
57.6275E+0	25.1833E+0	112.9650E+0	3.4442E+0	-32.7985E+0	41.6047E-6
57.7755E+0	26.1700E+0	112.1190E+0	3.4442E+0	-32.5529E+0	42.4535E-6
57.9265E+0	27.1767E+0	111.2520E+0	3.3939E+0	-32.7804E+0	42.5998E-6
58.0755E+0	28.1700E+0	110.4170E+0	3.4140E+0	-32.3424E+0	42.7986E-6
58.2240E+0	29.1600E+0	110.4170E+0	3.4140E+0	-32.3424E+0	42.7986E-6
58.3670E+0	30.1133E+0	109.6810E+0	3.4140E+0	-32.1268E+0	42.5489E-6
58.5130E+0	31.0867E+0	109.0970E+0	3.3032E+0	-33.0274E+0	42.4891E-6
51.0005E+0	-18.9967E+0	-39.7697E+0	3.0615E+0	12.9903E+0	42.7862E-6
51.1750E+0	-17.8333E+0	-39.7496E+0	3.1320E+0	12.6915E+0	42.9034E-6
51.3260E+0	-16.8267E+0	-39.8100E+0	3.1521E+0	12.6296E+0	42.3367E-6
51.4760E+0	-15.8267E+0	-39.8100E+0	3.1521E+0	12.6296E+0	42.3367E-6
51.6245E+0	-14.8367E+0	-39.7295E+0	3.1320E+0	12.6851E+0	42.2479E-6
51.7750E+0	-13.8333E+0	-39.8100E+0	3.0011E+0	13.2653E+0	41.5625E-6
51.9245E+0	-12.8367E+0	-39.7798E+0	2.9507E+0	13.4814E+0	43.2677E-6
52.0760E+0	-11.8267E+0	-39.7697E+0	3.0011E+0	13.2518E+0	43.1370E-6
52.2260E+0	-10.8267E+0	-39.8100E+0	3.0111E+0	13.2209E+0	42.5508E-6
52.3750E+0	-9.8333E+0	-39.8100E+0	3.0111E+0	13.2209E+0	41.7031E-6
52.5275E+0	-8.8167E+0	-39.7295E+0	3.0111E+0	13.1942E+0	41.1638E-6
52.6755E+0	-7.8300E+0	-39.7597E+0	3.0716E+0	12.9445E+0	42.6666E-6
52.8260E+0	-6.8267E+0	-39.7597E+0	3.0716E+0	12.9445E+0	42.6666E-6
52.9750E+0	-5.8333E+0	-39.7395E+0	3.1924E+0	12.4482E+0	42.5673E-6
53.1235E+0	-4.8433E+0	-39.7395E+0	3.1924E+0	12.4482E+0	42.5673E-6
53.2755E+0	-3.8300E+0	-39.6590E+0	3.0615E+0	12.9541E+0	42.9366E-6
53.4250E+0	-2.8333E+0	-39.6590E+0	3.0615E+0	12.9541E+0	42.9366E-6
53.5760E+0	-1.8267E+0	-39.5784E+0	3.1219E+0	12.6776E+0	42.6111E-6
53.7285E+0	-810.0000E-3	-39.3770E+0	3.1118E+0	12.6539E+0	42.0885E-6
53.8785E+0	190.0000E-3	4.7131E+0	3.2125E+0	-1.4671E+0	43.0304E-6
54.0255E+0	1.1700E+0	189.2410E+0	3.5449E+0	-53.3840E+0	43.0920E-6
54.1735E+0	2.1567E+0	161.4460E+0	3.4946E+0	-46.1992E+0	41.8470E-6
54.3010E+0	3.0067E+0	161.4460E+0	3.4946E+0	-46.1992E+0	41.8470E-6
54.4905E+0	4.2700E+0	161.0730E+0	3.4341E+0	-46.9034E+0	40.8772E-6
54.6215E+0	5.1433E+0	161.3150E+0	3.4039E+0	-47.3908E+0	41.3171E-6
54.7760E+0	6.1733E+0	149.8040E+0	3.3939E+0	-44.1397E+0	40.8824E-6
54.9265E+0	7.1767E+0	146.9740E+0	3.4744E+0	-42.3017E+0	40.5933E-6
55.0760E+0	8.1733E+0	149.0790E+0	3.4341E+0	-43.4109E+0	41.1651E-6
55.2250E+0	9.1667E+0	146.0470E+0	3.4140E+0	-42.7789E+0	40.9678E-6
55.3750E+0	10.1667E+0	140.4880E+0	3.4543E+0	-40.6707E+0	40.9388E-6
55.5250E+0	11.1667E+0	140.4880E+0	3.4543E+0	-40.6707E+0	40.9388E-6
55.6670E+0	12.1133E+0	136.3390E+0	3.4442E+0	-39.5850E+0	41.8386E-6
55.8310E+0	13.2067E+0	133.9220E+0	3.4341E+0	-38.9972E+0	41.2088E-6
55.9745E+0	14.1633E+0	130.6090E+0	3.4946E+0	-37.3749E+0	41.2557E-6
56.1255E+0	15.1700E+0	126.6810E+0	3.4442E+0	-36.7809E+0	41.0256E-6
56.2780E+0	16.1867E+0	125.1800E+0	3.4644E+0	-36.1338E+0	41.4320E-6
56.4255E+0	17.1700E+0	123.9120E+0	3.3737E+0	-36.7286E+0	42.3043E-6
56.5750E+0	18.1667E+0	122.1690E+0	3.4744E+0	-35.1624E+0	41.1833E-6
56.7245E+0	19.1633E+0	122.1690E+0	3.4744E+0	-35.1624E+0	41.1833E-6
56.8730E+0	20.1533E+0	121.0920E+0	3.3737E+0	-35.8927E+0	41.8232E-6
57.0230E+0	21.1533E+0	120.0640E+0	3.3032E+0	-36.3475E+0	41.3473E-6
57.1680E+0	22.1200E+0	118.7850E+0	3.2125E+0	-36.9754E+0	41.2245E-6
57.3310E+0	23.2067E+0	117.6680E+0	3.2932E+0	-35.7310E+0	41.0881E-6
57.4750E+0	24.1667E+0	116.5500E+0	3.2831E+0	-35.5001E+0	41.4240E-6
57.6290E+0	25.1933E+0	115.0590E+0	3.2932E+0	-34.9388E+0	41.2737E-6
57.7755E+0	26.1700E+0	113.8000E+0	3.3032E+0	-34.4511E+0	42.2418E-6
57.9255E+0	27.1700E+0	112.6520E+0	3.3737E+0	-33.3910E+0	42.7411E-6
58.0750E+0	28.1667E+0	112.6520E+0	3.3737E+0	-33.3910E+0	42.7411E-6
58.2250E+0	29.1667E+0	111.8270E+0	3.3536E+0	-33.3456E+0	42.4084E-6
58.3695E+0	30.1300E+0	111.3930E+0	3.4442E+0	-32.3421E+0	42.2576E-6
58.5105E+0	31.0700E+0	110.9500E+0	3.4039E+0	-32.5947E+0	40.9421E-6
51.0005E+0	-18.9967E+0	-39.6690E+0	3.2428E+0	12.2329E+0	42.2949E-6
51.1835E+0	-17.7767E+0	-39.7597E+0	3.2428E+0	12.2609E+0	42.7784E-6
51.3235E+0	-16.8433E+0	-39.6993E+0	3.2428E+0	12.2423E+0	42.3142E-6
51.4730E+0	-15.8467E+0	-39.7395E+0	3.2327E+0	12.2928E+0	42.3382E-6
51.6260E+0	-14.8267E+0	-39.7295E+0	3.2327E+0	12.2897E+0	41.0979E-6
51.7740E+0	-13.8400E+0	-39.6892E+0	3.1622E+0	12.5512E+0	41.4464E-6
51.9245E+0	-12.8367E+0	-39.6892E+0	3.1622E+0	12.5512E+0	41.4464E-6
52.0750E+0	-11.8333E+0	-39.7395E+0	3.1420E+0	12.6476E+0	41.0855E-6
52.2270E+0	-10.8200E+0	-39.7697E+0	3.1420E+0	12.6572E+0	41.9450E-6
52.3760E+0	-9.8267E+0	-39.7093E+0	3.1018E+0	12.8021E+0	41.2822E-6
52.5280E+0	-8.8133E+0	-39.7295E+0	3.2529E+0	12.2136E+0	41.6367E-6
52.6760E+0	-7.8267E+0	-39.6086E+0	3.5852E+0	11.0479E+0	41.9083E-6
52.8235E+0	-6.8433E+0	-39.5986E+0	3.3838E+0	11.7024E+0	41.9550E-6
52.9710E+0	-5.8600E+0	-39.6993E+0	3.2529E+0	12.2044E+0	41.3439E-6
53.1250E+0	-4.8333E+0	-39.6388E+0	3.1924E+0	12.4166E+0	40.8994E-6
53.2750E+0	-3.8333E+0	-39.6489E+0	3.1622E+0	12.5384E+0	41.3845E-6
53.4255E+0	-2.8300E+0	-39.6791E+0	3.1320E+0	12.6690E+0	41.4502E-6
53.5765E+0	-1.8233E+0	-39.4475E+0	3.1622E+0	12.4747E+0	41.6794E-6
53.7265E+0	-823.3333E-3	-39.4475E+0	3.1622E+0	12.4747E+0	41.6794E-6
53.8770E+0	180.0000E-3	-1.8128E+0	3.2227E+0	562.5025E-3	42.5941E-6
54.0250E+0	1.1667E+0	192.2420E+0	3.5650E+0	-53.9242E+0	41.4120E-6
54.1750E+0	2.1667E+0	178.3650E+0	3.5550E+0	-50.1734E+0	42.2265E-6
54.3105E+0	3.0700E+0	155.4630E+0	3.6255E+0	-42.8809E+0	41.7733E-6
54.4910E+0	4.2733E+0	159.4110E+0	3.6456E+0	-43.7270E+0	42.4020E-6
54.6225E+0	5.1500E+0	152.2610E+0	3.5852E+0	-42.4696E+0	42.7589E-6
54.7765E+0	6.1767E+0	143.5500E+0	3.6355E+0	-39.4853E+0	41.3684E-6
54.9260E+0	7.1733E+0	145.0200E+0	3.6355E+0	-39.8896E+0	42.0076E-6
55.0760E+0	8.1733E+0	145.0200E+0	3.6355E+0	-39.8896E+0	42.0076E-6
55.2255E+0	9.1700E+0	144.7880E+0	3.7060E+0	-39.0683E+0	41.7614E-6
55.3750E+0	10.1667E+0	139.4410E+0	3.5953E+0	-38.7848E+0	41.3072E-6
55.5250E+0	11.1667E+0	135.4120E+0	3.6154E+0	-37.4543E+0	40.6613E-6
55.6735E+0	12.1567E+0	133.7710E+0	3.4845E+0	-38.3904E+0	41.1131E-6
55.8245E+0	13.1633E+0	130.8600E+0	3.4845E+0	-37.5550E+0	42.8833E-6
55.9770E+0	14.1800E+0	127.9200E+0	3.4442E+0	-37.1406E+0	41.1970E-6
56.1250E+0	15.1667E+0	125.6940E+0	3.4744E+0	-36.1770E+0	41.5972E-6
56.2775E+0	16.1833E+0	125.6940E+0	3.4744E+0	-36.1770E+0	41.5972E-6
56.4250E+0	17.1667E+0	124.1330E+0	3.4744E+0	-35.7277E+0	42.5782E-6
56.5760E+0	18.1733E+0	122.3510E+0	3.5046E+0	-34.9112E+0	42.4250E-6
56.7240E+0	19.1600E+0	120.3360E+0	3.4845E+0	-34.5348E+0	41.3641E-6
56.8740E+0	20.1600E+0	118.3120E+0	3.5348E+0	-33.4704E+0	41.7646E-6
57.0225E+0	21.1500E+0	116.5900E+0	3.5852E+0	-32.5200E+0	42.3346E-6
57.1675E+0	22.1167E+0	115.0190E+0	3.6154E+0	-31.8137E+0	43.2741E-6
57.3320E+0	23.2133E+0	113.7400E+0	3.5650E+0	-31.9043E+0	43.2460E-6
57.4745E+0	24.1633E+0	112.8940E+0	3.5348E+0	-31.9376E+0	41.8871E-6
57.6275E+0	25.1833E+0	112.3200E+0	3.5348E+0	-31.7752E+0	41.4711E-6
57.7740E+0	26.1600E+0	112.3200E+0	3.5348E+0	-31.7752E+0	41.4711E-6
57.9255E+0	27.1700E+0	111.8470E+0	3.4341E+0	-32.5691E+0	42.1248E-6
58.0740E+0	28.1600E+0	111.2930E+0	3.5147E+0	-31.6651E+0	41.5433E-6
58.2235E+0	29.1567E+0	110.6780E+0	3.5751E+0	-30.9579E+0	41.9504E-6
58.3620E+0	30.0800E+0	109.8330E+0	3.4644E+0	-31.7038E+0	41.5726E-6
58.5280E+0	31.1867E+0	109.1880E+0	3.4946E+0	-31.2451E+0	41.7752E-6
51.0005E+0	-18.9967E+0	-39.6489E+0	3.2327E+0	12.2648E+0	41.0319E-6
51.1760E+0	-17.8267E+0	-39.6590E+0	3.1924E+0	12.4229E+0	42.2523E-6
51.3250E+0	-16.8333E+0	-39.7395E+0	3.2227E+0	12.3312E+0	41.3284E-6
51.4760E+0	-15.8267E+0	-39.7395E+0	3.1823E+0	12.4875E+0	41.0340E-6
51.6235E+0	-14.8433E+0	-39.7093E+0	3.1622E+0	12.5575E+0	41.1665E-6
51.7770E+0	-13.8200E+0	-39.7295E+0	3.1420E+0	12.6445E+0	41.5160E-6
51.9240E+0	-12.8400E+0	-39.7295E+0	3.1420E+0	12.6445E+0	41.5160E-6
52.0760E+0	-11.8267E+0	-39.7194E+0	3.0816E+0	12.8891E+0	41.9552E-6
52.2255E+0	-10.8300E+0	-39.6993E+0	3.1018E+0	12.7989E+0	41.2787E-6
52.3750E+0	-9.8333E+0	-39.6892E+0	3.0514E+0	13.0068E+0	41.0281E-6
52.5275E+0	-8.8167E+0	-39.7194E+0	3.0716E+0	12.9313E+0	40.4113E-6
52.6755E+0	-7.8300E+0	-39.7597E+0	3.1823E+0	12.4939E+0	41.7070E-6
52.8250E+0	-6.8333E+0	-39.7496E+0	3.1823E+0	12.4907E+0	41.9164E-6
52.9695E+0	-5.8700E+0	-39.7597E+0	3.0615E+0	12.9870E+0	42.1520E-6
53.1280E+0	-4.8133E+0	-39.8100E+0	3.0313E+0	13.1331E+0	41.7481E-6
53.2740E+0	-3.8400E+0	-39.7597E+0	3.0716E+0	12.9445E+0	42.9076E-6
53.4255E+0	-2.8300E+0	-39.7597E+0	3.0716E+0	12.9445E+0	42.9076E-6
53.5765E+0	-1.8233E+0	-39.8805E+0	3.0413E+0	13.1128E+0	41.7537E-6
53.7265E+0	-823.3333E-3	-36.3960E+0	3.0816E+0	11.8106E+0	41.6505E-6
53.8780E+0	186.6667E-3	48.7025E+0	3.1118E+0	-15.6507E+0	41.2762E-6
54.0250E+0	1.1667E+0	199.0200E+0	3.3636E+0	-59.1679E+0	41.7718E-6
54.1715E+0	2.1433E+0	166.7630E+0	3.3032E+0	-50.4848E+0	42.7166E-6
54.3035E+0	3.0233E+0	162.8250E+0	3.1219E+0	-52.1556E+0	41.6830E-6
54.4830E+0	4.2200E+0	162.8250E+0	3.1219E+0	-52.1556E+0	41.6830E-6
54.6230E+0	5.1533E+0	165.3330E+0	3.1219E+0	-52.9589E+0	41.7920E-6
54.7745E+0	6.1633E+0	153.2080E+0	3.1723E+0	-48.2962E+0	42.0576E-6
54.9270E+0	7.1800E+0	148.7560E+0	3.2630E+0	-45.5894E+0	42.4527E-6
55.0765E+0	8.1767E+0	149.8140E+0	3.4140E+0	-43.8822E+0	42.8494E-6
55.2260E+0	9.1733E+0	146.9940E+0	3.4644E+0	-42.4305E+0	42.3077E-6
55.3755E+0	10.1700E+0	141.3640E+0	3.3939E+0	-41.6529E+0	41.2452E-6
55.5240E+0	11.1600E+0	141.3640E+0	3.3939E+0	-41.6529E+0	41.2452E-6
55.6580E+0	12.0533E+0	136.6710E+0	3.2630E+0	-41.8857E+0	41.9413E-6
55.8320E+0	13.2133E+0	134.7070E+0	3.3234E+0	-40.5333E+0	41.8090E-6
55.9725E+0	14.1500E+0	131.9180E+0	3.4140E+0	-38.6403E+0	40.8831E-6
56.1270E+0	15.1800E+0	128.2220E+0	3.3737E+0	-38.0061E+0	41.8400E-6
56.2775E+0	16.1833E+0	126.3490E+0	3.3536E+0	-37.6759E+0	41.3958E-6
56.4245E+0	17.1633E+0	124.4650E+0	3.4241E+0	-36.3500E+0	41.5362E-6
56.5760E+0	18.1733E+0	121.9880E+0	3.4644E+0	-35.2124E+0	42.3636E-6
56.7245E+0	19.1633E+0	120.4570E+0	3.4039E+0	-35.3876E+0	42.2842E-6
56.8730E+0	20.1533E+0	118.8760E+0	3.4442E+0	-34.5147E+0	42.0704E-6
57.0235E+0	21.1567E+0	118.8760E+0	3.4442E+0	-34.5147E+0	42.0704E-6
57.1695E+0	22.1300E+0	117.2040E+0	3.4442E+0	-34.0293E+0	42.3175E-6
57.3315E+0	23.2100E+0	115.6030E+0	3.5147E+0	-32.8914E+0	42.1762E-6
57.4750E+0	24.1667E+0	114.3740E+0	3.5248E+0	-32.4487E+0	41.3465E-6
57.6280E+0	25.1867E+0	112.7330E+0	3.5449E+0	-31.8015E+0	40.7080E-6
57.7745E+0	26.1633E+0	112.7330E+0	3.5449E+0	-31.8015E+0	40.7080E-6
57.9260E+0	27.1733E+0	111.6550E+0	3.5348E+0	-31.5871E+0	41.5413E-6
58.0745E+0	28.1633E+0	111.1520E+0	3.5852E+0	-31.0032E+0	41.0265E-6
58.2260E+0	29.1733E+0	110.6780E+0	3.4140E+0	-32.4189E+0	41.0473E-6
58.3630E+0	30.0867E+0	110.3760E+0	3.4442E+0	-32.0468E+0	41.0358E-6
58.5290E+0	31.1933E+0	110.2050E+0	3.4543E+0	-31.9039E+0	41.2137E-6
51.0005E+0	-18.9967E+0	-39.7798E+0	3.0917E+0	12.8666E+0	42.1027E-6
51.1755E+0	-17.8300E+0	-39.8000E+0	3.0413E+0	13.0863E+0	42.5615E-6
51.3250E+0	-16.8333E+0	-39.8302E+0	3.0816E+0	12.9250E+0	42.3949E-6
51.4760E+0	-15.8267E+0	-39.7798E+0	3.0816E+0	12.9087E+0	42.3916E-6
51.6240E+0	-14.8400E+0	-39.7697E+0	3.1018E+0	12.8216E+0	41.4168E-6
51.7760E+0	-13.8267E+0	-39.7496E+0	3.1018E+0	12.8151E+0	42.0686E-6
51.9240E+0	-12.8400E+0	-39.7395E+0	3.1420E+0	12.6476E+0	41.5426E-6
52.0760E+0	-11.8267E+0	-39.7395E+0	3.1420E+0	12.6476E+0	41.5426E-6
52.2250E+0	-10.8333E+0	-39.6690E+0	3.1823E+0	12.4654E+0	42.4074E-6
52.3755E+0	-9.8300E+0	-39.7194E+0	3.1723E+0	12.5209E+0	42.8008E-6
52.5290E+0	-8.8067E+0	-39.8000E+0	3.2025E+0	12.4279E+0	41.9250E-6
52.6765E+0	-7.8233E+0	-39.7798E+0	3.1018E+0	12.8249E+0	42.4559E-6
52.8250E+0	-6.8333E+0	-39.7093E+0	3.1018E+0	12.8021E+0	42.2402E-6
52.9740E+0	-5.8400E+0	-39.7395E+0	3.1521E+0	12.6072E+0	42.3773E-6
53.1260E+0	-4.8267E+0	-39.7597E+0	3.1924E+0	12.4545E+0	41.3118E-6
53.2745E+0	-3.8367E+0	-39.6993E+0	3.1521E+0	12.5945E+0	41.5994E-6
53.4260E+0	-2.8267E+0	-39.6590E+0	3.2428E+0	12.2298E+0	41.7588E-6
53.5775E+0	-1.8167E+0	-39.3367E+0	3.2227E+0	12.2062E+0	41.4051E-6
53.7285E+0	-810.0000E-3	-39.3367E+0	3.2227E+0	12.2062E+0	41.4051E-6
53.8770E+0	180.0000E-3	-9.0839E+0	3.3133E+0	2.7417E+0	41.8399E-6
54.0245E+0	1.1633E+0	177.6290E+0	3.6859E+0	-48.1917E+0	41.7055E-6
54.1695E+0	2.1300E+0	169.0190E+0	3.7161E+0	-45.4830E+0	41.1933E-6
54.3200E+0	3.1333E+0	155.4840E+0	3.6255E+0	-42.8867E+0	42.0443E-6
54.4780E+0	4.1867E+0	160.1970E+0	3.6053E+0	-44.4335E+0	40.8316E-6
54.6240E+0	5.1600E+0	152.2710E+0	3.5147E+0	-43.3242E+0	41.2266E-6
54.7770E+0	6.1800E+0	144.4960E+0	3.5852E+0	-40.3037E+0	41.6424E-6
54.9265E+0	7.1767E+0	145.8960E+0	3.6154E+0	-40.3542E+0	40.8581E-6
55.0760E+0	8.1733E+0	145.8960E+0	3.6154E+0	-40.3542E+0	40.8581E-6
55.2260E+0	9.1733E+0	146.4300E+0	3.5248E+0	-41.5433E+0	41.0628E-6
55.3760E+0	10.1733E+0	139.8130E+0	3.5852E+0	-38.9975E+0	42.0116E-6
55.5250E+0	11.1667E+0	136.0670E+0	3.5550E+0	-38.2751E+0	41.7355E-6
55.6595E+0	12.0633E+0	134.4360E+0	3.4845E+0	-38.5813E+0	40.9252E-6
55.8375E+0	13.2500E+0	134.4360E+0	3.4845E+0	-38.5813E+0	40.9252E-6
55.9725E+0	14.1500E+0	131.9580E+0	3.3636E+0	-39.2306E+0	41.6422E-6
56.1245E+0	15.1633E+0	128.7250E+0	3.3737E+0	-38.1552E+0	41.0787E-6
56.2790E+0	16.1933E+0	126.8720E+0	3.3435E+0	-37.9458E+0	40.5617E-6
56.4255E+0	17.1700E+0	125.1400E+0	3.3536E+0	-37.3153E+0	40.4551E-6
56.5755E+0	18.1700E+0	123.5390E+0	3.3536E+0	-36.8379E+0	41.9279E-6
56.7240E+0	19.1600E+0	121.5450E+0	3.3536E+0	-36.2434E+0	41.6755E-6
56.8725E+0	20.1500E+0	119.7020E+0	3.4039E+0	-35.1658E+0	42.2349E-6
57.0235E+0	21.1567E+0	118.1710E+0	3.3737E+0	-35.0269E+0	41.5606E-6
57.1715E+0	22.1433E+0	116.9220E+0	3.3133E+0	-35.2887E+0	42.0246E-6
57.3270E+0	23.1800E+0	116.9220E+0	3.3133E+0	-35.2887E+0	42.0246E-6
57.4760E+0	24.1733E+0	115.7640E+0	3.3435E+0	-34.6235E+0	41.5130E-6
57.6280E+0	25.1867E+0	114.9180E+0	3.4140E+0	-33.6608E+0	42.7050E-6
57.7745E+0	26.1633E+0	114.0120E+0	3.3536E+0	-33.9971E+0	42.1654E-6
57.9260E+0	27.1733E+0	113.1160E+0	3.3435E+0	-33.8315E+0	41.5055E-6
58.0755E+0	28.1700E+0	112.4910E+0	3.3435E+0	-33.6446E+0	42.0401E-6
58.2245E+0	29.1633E+0	111.7860E+0	3.4140E+0	-32.7434E+0	40.9292E-6
58.3605E+0	30.0700E+0	111.7860E+0	3.4140E+0	-32.7434E+0	40.9292E-6
58.5345E+0	31.2300E+0	110.8400E+0	3.4140E+0	-32.4663E+0	39.8164E-6
51.0005E+0	-18.9967E+0	-39.6993E+0	3.0716E+0	12.9248E+0	41.0570E-6
51.1730E+0	-17.8467E+0	-39.6892E+0	3.0413E+0	13.0499E+0	41.8798E-6
51.3255E+0	-16.8300E+0	-39.7395E+0	3.0413E+0	13.0664E+0	42.0792E-6
51.4745E+0	-15.8367E+0	-39.7295E+0	3.1320E+0	12.6851E+0	42.8495E-6
51.6255E+0	-14.8300E+0	-39.7395E+0	3.1118E+0	12.7704E+0	42.2596E-6
51.7755E+0	-13.8300E+0	-39.7194E+0	3.1219E+0	12.7228E+0	41.8425E-6
51.9235E+0	-12.8433E+0	-39.7295E+0	3.1924E+0	12.4450E+0	42.1425E-6
52.0755E+0	-11.8300E+0	-39.7295E+0	3.1924E+0	12.4450E+0	42.1425E-6
52.2255E+0	-10.8300E+0	-39.8000E+0	3.2025E+0	12.4279E+0	41.3850E-6
52.3765E+0	-9.8233E+0	-39.8000E+0	3.2125E+0	12.3890E+0	41.5149E-6
52.5275E+0	-8.8167E+0	-39.8201E+0	3.1723E+0	12.5526E+0	42.2184E-6
52.6765E+0	-7.8233E+0	-39.8100E+0	3.2227E+0	12.3531E+0	41.9295E-6
52.8255E+0	-6.8300E+0	-39.8000E+0	3.2428E+0	12.2733E+0	41.7428E-6
52.9735E+0	-5.8433E+0	-39.7395E+0	3.1521E+0	12.6072E+0	42.3022E-6
53.1255E+0	-4.8300E+0	-39.7093E+0	3.2025E+0	12.3996E+0	41.3874E-6
53.2755E+0	-3.8300E+0	-39.7093E+0	3.2025E+0	12.3996E+0	41.3874E-6
53.4255E+0	-2.8300E+0	-39.7697E+0	3.2227E+0	12.3406E+0	41.4717E-6
53.5770E+0	-1.8200E+0	-39.6489E+0	3.1622E+0	12.5384E+0	40.2801E-6
53.7285E+0	-810.0000E-3	-37.4636E+0	3.3133E+0	11.3070E+0	41.8011E-6
53.8770E+0	180.0000E-3	35.7917E+0	3.3435E+0	-10.7048E+0	41.8450E-6
54.0260E+0	1.1733E+0	194.5990E+0	3.6053E+0	-53.9755E+0	42.2869E-6
54.1710E+0	2.1400E+0	161.3350E+0	3.5348E+0	-45.6415E+0	41.8387E-6
54.3200E+0	3.1333E+0	158.9280E+0	3.4442E+0	-46.1435E+0	41.6977E-6
54.4730E+0	4.1533E+0	160.0260E+0	3.4241E+0	-46.7356E+0	42.7231E-6
54.6275E+0	5.1833E+0	160.0260E+0	3.4241E+0	-46.7356E+0	42.7231E-6
54.7745E+0	6.1633E+0	149.4010E+0	3.4644E+0	-43.1253E+0	40.7731E-6
54.9275E+0	7.1833E+0	145.1610E+0	3.4644E+0	-41.9014E+0	41.9602E-6
55.0760E+0	8.1733E+0	147.5180E+0	3.4442E+0	-42.8307E+0	41.5893E-6
55.2260E+0	9.1733E+0	145.2920E+0	3.4140E+0	-42.5577E+0	41.6509E-6
55.3760E+0	10.1733E+0	139.7630E+0	3.4140E+0	-40.9382E+0	41.5976E-6
55.5240E+0	11.1600E+0	135.9260E+0	3.3737E+0	-40.2897E+0	42.0004E-6
55.6630E+0	12.0867E+0	135.9260E+0	3.3737E+0	-40.2897E+0	42.0004E-6
55.8365E+0	13.2433E+0	133.8610E+0	3.3838E+0	-39.5595E+0	42.3741E-6
55.9720E+0	14.1467E+0	131.5960E+0	3.3536E+0	-39.2405E+0	41.8799E-6
56.1260E+0	15.1733E+0	128.2820E+0	3.3435E+0	-38.3675E+0	42.2138E-6
56.2780E+0	16.1867E+0	125.8450E+0	3.3737E+0	-37.3016E+0	41.8652E-6
56.4250E+0	17.1667E+0	124.0320E+0	3.3435E+0	-37.0963E+0	40.8199E-6
56.5755E+0	18.1700E+0	121.8070E+0	3.3536E+0	-36.3215E+0	42.3302E-6
56.7240E+0	19.1600E+0	119.4700E+0	3.5046E+0	-34.0892E+0	41.4193E-6
56.8725E+0	20.1500E+0	119.4700E+0	3.5046E+0	-34.0892E+0	41.4193E-6
57.0200E+0	21.1333E+0	117.6370E+0	3.5147E+0	-33.4701E+0	42.6044E-6
57.1705E+0	22.1367E+0	115.9760E+0	3.5550E+0	-32.6236E+0	42.0395E-6
57.3345E+0	23.2300E+0	114.3040E+0	3.5248E+0	-32.4289E+0	42.5342E-6
57.4745E+0	24.1633E+0	112.9650E+0	3.5046E+0	-32.2331E+0	42.2665E-6
57.6285E+0	25.1900E+0	112.0980E+0	3.5550E+0	-31.5328E+0	42.3477E-6
57.7750E+0	26.1667E+0	111.1820E+0	3.6154E+0	-30.7524E+0	41.8815E-6
57.9250E+0	27.1667E+0	110.4170E+0	3.6255E+0	-30.4560E+0	40.7930E-6
58.0745E+0	28.1633E+0	109.9230E+0	3.6053E+0	-30.4891E+0	41.0135E-6
58.2250E+0	29.1667E+0	109.9230E+0	3.6053E+0	-30.4891E+0	41.0135E-6
58.3610E+0	30.0733E+0	109.7220E+0	3.5751E+0	-30.6905E+0	41.3703E-6
58.5290E+0	31.1933E+0	109.3690E+0	3.5046E+0	-31.2070E+0	41.4148E-6
51.0005E+0	-18.9967E+0	-39.6590E+0	3.2428E+0	12.2298E+0	41.3179E-6
51.1770E+0	-17.8200E+0	-39.6590E+0	3.2428E+0	12.2298E+0	41.3179E-6
51.3245E+0	-16.8367E+0	-39.6892E+0	3.1924E+0	12.4324E+0	41.4189E-6
51.4760E+0	-15.8267E+0	-39.7194E+0	3.1018E+0	12.8054E+0	41.6617E-6
51.6245E+0	-14.8367E+0	-39.7395E+0	3.1219E+0	12.7292E+0	41.8635E-6
51.7745E+0	-13.8367E+0	-39.7597E+0	3.1521E+0	12.6136E+0	41.6619E-6
51.9235E+0	-12.8433E+0	-39.6791E+0	3.1219E+0	12.7099E+0	41.0837E-6
52.0765E+0	-11.8233E+0	-39.7597E+0	3.1823E+0	12.4939E+0	41.9870E-6
52.2255E+0	-10.8300E+0	-39.7597E+0	3.1622E+0	12.5735E+0	41.6436E-6
52.3755E+0	-9.8300E+0	-39.7093E+0	3.1420E+0	12.6380E+0	40.8431E-6
52.5285E+0	-8.8100E+0	-39.7295E+0	3.1420E+0	12.6445E+0	41.2506E-6
52.6750E+0	-7.8333E+0	-39.7093E+0	3.1924E+0	12.4387E+0	40.5779E-6
52.8245E+0	-6.8367E+0	-39.7093E+0	3.1924E+0	12.4387E+0	40.5779E-6
52.9705E+0	-5.8633E+0	-39.7194E+0	3.2529E+0	12.2105E+0	41.7720E-6
53.1255E+0	-4.8300E+0	-39.6791E+0	3.2831E+0	12.0859E+0	41.1749E-6
53.2760E+0	-3.8267E+0	-39.5885E+0	3.2529E+0	12.1703E+0	42.2562E-6
53.4255E+0	-2.8300E+0	-39.6993E+0	3.2932E+0	12.0551E+0	41.0075E-6
53.5765E+0	-1.8233E+0	-39.4274E+0	3.2730E+0	12.0462E+0	41.9841E-6
53.7270E+0	-820.0000E-3	-26.4360E+0	3.3133E+0	7.9788E+0	41.8239E-6
53.8785E+0	190.0000E-3	136.2990E+0	3.4946E+0	-39.0032E+0	41.8995E-6
54.0260E+0	1.1733E+0	185.3340E+0	3.6154E+0	-51.2625E+0	42.3789E-6
54.1710E+0	2.1400E+0	185.3340E+0	3.6154E+0	-51.2625E+0	42.3789E-6
54.3255E+0	3.1700E+0	159.4720E+0	3.5248E+0	-45.2434E+0	41.1479E-6
54.4705E+0	4.1367E+0	162.0800E+0	3.4543E+0	-46.9215E+0	41.7014E-6
54.6270E+0	5.1800E+0	157.2760E+0	3.4442E+0	-45.6639E+0	41.7202E-6
54.7745E+0	6.1633E+0	147.2460E+0	3.5046E+0	-42.0147E+0	41.0981E-6
54.9280E+0	7.1867E+0	147.3970E+0	3.4744E+0	-42.4235E+0	40.8842E-6
55.0775E+0	8.1833E+0	147.3970E+0	3.4744E+0	-42.4235E+0	40.8842E-6
55.2250E+0	9.1667E+0	148.2930E+0	3.3939E+0	-43.6945E+0	41.7143E-6
55.3755E+0	10.1700E+0	143.4390E+0	3.3838E+0	-42.3900E+0	41.3619E-6
55.5240E+0	11.1600E+0	137.4060E+0	3.4341E+0	-40.0118E+0	41.6597E-6
55.6660E+0	12.1067E+0	134.7280E+0	3.5046E+0	-38.4429E+0	42.5705E-6
55.8295E+0	13.1967E+0	132.0690E+0	3.4744E+0	-38.0118E+0	42.8214E-6
55.9705E+0	14.1367E+0	128.2120E+0	3.5348E+0	-36.2711E+0	42.1453E-6
56.1210E+0	15.1400E+0	125.7340E+0	3.4543E+0	-36.3995E+0	41.7206E-6
56.2835E+0	16.2233E+0	124.3340E+0	3.4845E+0	-35.6821E+0	40.8292E-6
56.4245E+0	17.1633E+0	122.5920E+0	3.4341E+0	-35.6980E+0	41.9332E-6
56.5765E+0	18.1767E+0	122.5920E+0	3.4341E+0	-35.6980E+0	41.9332E-6
56.7240E+0	19.1600E+0	120.9910E+0	3.4644E+0	-34.9246E+0	41.1209E-6
56.8740E+0	20.1600E+0	120.0140E+0	3.4039E+0	-35.2575E+0	40.9051E-6
57.0250E+0	21.1667E+0	118.7550E+0	3.3334E+0	-35.6254E+0	40.5875E-6
57.1710E+0	22.1400E+0	117.4360E+0	3.3838E+0	-34.7055E+0	41.5550E-6
57.3280E+0	23.1867E+0	116.1270E+0	3.4341E+0	-33.8155E+0	40.4044E-6
57.4765E+0	24.1767E+0	115.1500E+0	3.4644E+0	-33.2386E+0	41.0087E-6
57.6275E+0	25.1833E+0	114.5150E+0	3.3737E+0	-33.9432E+0	41.2458E-6
57.7745E+0	26.1633E+0	114.5150E+0	3.3737E+0	-33.9432E+0	41.2458E-6
57.9250E+0	27.1667E+0	113.6190E+0	3.3536E+0	-33.8799E+0	40.3238E-6
58.0745E+0	28.1633E+0	112.7130E+0	3.4241E+0	-32.9178E+0	40.1314E-6
58.2240E+0	29.1600E+0	112.1190E+0	3.4140E+0	-32.8409E+0	41.1654E-6
58.3560E+0	30.0400E+0	111.8060E+0	3.4341E+0	-32.5572E+0	41.4755E-6
58.5445E+0	31.2967E+0	110.9600E+0	3.4241E+0	-32.4059E+0	40.6260E-6
51.0005E+0	-18.9967E+0	-39.8302E+0	3.1622E+0	12.5958E+0	40.9274E-6
51.1725E+0	-17.8500E+0	-39.7597E+0	3.2025E+0	12.4153E+0	40.9238E-6
51.3255E+0	-16.8300E+0	-39.7194E+0	3.2529E+0	12.2105E+0	40.5072E-6
51.4765E+0	-15.8233E+0	-39.7194E+0	3.2529E+0	12.2105E+0	40.5512E-6
51.6240E+0	-14.8400E+0	-39.7496E+0	3.2529E+0	12.2198E+0	41.8446E-6
51.7750E+0	-13.8333E+0	-39.7194E+0	3.2730E+0	12.1354E+0	41.1916E-6
51.9250E+0	-12.8333E+0	-39.7194E+0	3.2730E+0	12.1354E+0	41.1916E-6
52.0755E+0	-11.8300E+0	-39.7395E+0	3.2125E+0	12.3701E+0	41.1559E-6
52.2265E+0	-10.8233E+0	-39.6187E+0	3.2428E+0	12.2174E+0	40.5416E-6
52.3750E+0	-9.8333E+0	-39.6993E+0	3.3234E+0	11.9455E+0	41.1032E-6
52.5285E+0	-8.8100E+0	-39.7093E+0	3.2125E+0	12.3607E+0	40.8730E-6
52.6765E+0	-7.8233E+0	-39.7597E+0	3.3133E+0	12.0000E+0	41.7796E-6
52.8250E+0	-6.8333E+0	-39.7093E+0	3.2227E+0	12.3219E+0	40.8746E-6
52.9740E+0	-5.8400E+0	-39.7597E+0	3.1622E+0	12.5735E+0	41.3891E-6
53.1250E+0	-4.8333E+0	-39.7597E+0	3.1622E+0	12.5735E+0	41.3891E-6
53.2765E+0	-3.8233E+0	-39.7697E+0	3.1723E+0	12.5367E+0	41.3919E-6
53.4250E+0	-2.8333E+0	-39.6993E+0	3.1622E+0	12.5544E+0	41.8100E-6
53.5785E+0	-1.8100E+0	-39.6187E+0	3.0816E+0	12.8564E+0	40.8810E-6
53.7275E+0	-816.6667E-3	-35.0365E+0	3.1823E+0	11.0097E+0	40.6993E-6
53.8785E+0	190.0000E-3	58.0181E+0	3.3234E+0	-17.4576E+0	41.9999E-6
54.0260E+0	1.1733E+0	192.6050E+0	3.5248E+0	-54.6434E+0	41.5810E-6
54.1695E+0	2.1300E+0	192.6050E+0	3.5248E+0	-54.6434E+0	41.5810E-6
54.3240E+0	3.1600E+0	159.6130E+0	3.5550E+0	-44.8986E+0	40.5251E-6
54.4685E+0	4.1233E+0	160.8510E+0	3.5751E+0	-44.9919E+0	41.4047E-6
54.6285E+0	5.1900E+0	157.8600E+0	3.5650E+0	-44.2800E+0	41.3093E-6
54.7750E+0	6.1667E+0	145.8960E+0	3.5852E+0	-40.6942E+0	41.4305E-6
54.9245E+0	7.1633E+0	145.1810E+0	3.6053E+0	-40.2685E+0	41.1373E-6
55.0770E+0	8.1800E+0	146.1480E+0	3.5751E+0	-40.8793E+0	40.9582E-6
55.2250E+0	9.1667E+0	141.6360E+0	3.6557E+0	-38.7442E+0	40.4488E-6
55.3760E+0	10.1733E+0	136.0470E+0	3.6456E+0	-37.3181E+0	41.0602E-6
55.5240E+0	11.1600E+0	133.5290E+0	3.5449E+0	-37.6679E+0	40.2145E-6
55.6600E+0	12.0667E+0	133.5290E+0	3.5449E+0	-37.6679E+0	40.2145E-6
55.8315E+0	13.2100E+0	131.9580E+0	3.6557E+0	-36.0968E+0	40.5745E-6
55.9720E+0	14.1467E+0	129.3800E+0	3.6053E+0	-35.8859E+0	40.5453E-6
56.1255E+0	15.1700E+0	126.1880E+0	3.6154E+0	-34.9030E+0	41.4747E-6
56.2775E+0	16.1833E+0	124.1030E+0	3.5147E+0	-35.3098E+0	40.4577E-6
56.4255E+0	17.1700E+0	122.4710E+0	3.5953E+0	-34.0647E+0	41.5206E-6
56.5755E+0	18.1700E+0	120.7090E+0	3.6255E+0	-33.2948E+0	40.1307E-6
56.7250E+0	19.1667E+0	120.7090E+0	3.6255E+0	-33.2948E+0	40.1307E-6
56.8735E+0	20.1567E+0	119.3700E+0	3.5348E+0	-33.7697E+0	41.0849E-6
57.0245E+0	21.1633E+0	118.4030E+0	3.5248E+0	-33.5918E+0	40.4284E-6
57.1715E+0	22.1433E+0	117.3860E+0	3.4442E+0	-34.0821E+0	40.9178E-6
57.3275E+0	23.1833E+0	116.3080E+0	3.4442E+0	-33.7691E+0	41.8952E-6
57.4760E+0	24.1733E+0	115.3920E+0	3.3838E+0	-34.1014E+0	41.9972E-6
57.6270E+0	25.1800E+0	114.4350E+0	3.3838E+0	-33.8186E+0	42.2955E-6
57.7745E+0	26.1633E+0	113.7400E+0	3.3636E+0	-33.8145E+0	42.3193E-6
57.9250E+0	27.1667E+0	113.7400E+0	3.3636E+0	-33.8145E+0	42.3193E-6
58.0735E+0	28.1567E+0	113.0550E+0	3.3737E+0	-33.5105E+0	41.5825E-6
58.2250E+0	29.1667E+0	112.3800E+0	3.3435E+0	-33.6114E+0	42.1124E-6
58.3575E+0	30.0500E+0	111.7360E+0	3.4341E+0	-32.5368E+0	42.3032E-6
58.5365E+0	31.2433E+0	111.1420E+0	3.4543E+0	-32.1752E+0	42.0827E-6
51.0005E+0	-18.9967E+0	-39.8503E+0	2.9205E+0	13.6450E+0	42.4615E-6
51.1725E+0	-17.8500E+0	-39.8402E+0	2.9104E+0	13.6887E+0	41.6271E-6
51.3245E+0	-16.8367E+0	-39.8100E+0	2.8702E+0	13.8703E+0	41.7854E-6
51.4765E+0	-15.8233E+0	-39.8000E+0	2.7695E+0	14.3710E+0	42.3015E-6
51.6240E+0	-14.8400E+0	-39.7798E+0	2.8399E+0	14.0072E+0	41.7626E-6
51.7750E+0	-13.8333E+0	-39.7798E+0	2.9306E+0	13.5740E+0	41.8414E-6
51.9235E+0	-12.8433E+0	-39.7798E+0	2.9306E+0	13.5740E+0	41.8414E-6
52.0755E+0	-11.8300E+0	-39.7899E+0	2.8399E+0	14.0108E+0	42.4516E-6
52.2270E+0	-10.8200E+0	-39.8201E+0	2.8601E+0	13.9227E+0	41.5095E-6
52.3755E+0	-9.8300E+0	-39.7899E+0	2.9104E+0	13.6714E+0	42.1796E-6
52.5265E+0	-8.8233E+0	-39.8402E+0	2.9406E+0	13.5481E+0	42.4652E-6
52.6770E+0	-7.8200E+0	-39.7899E+0	3.0313E+0	13.1264E+0	41.5837E-6
52.8260E+0	-6.8267E+0	-39.7798E+0	3.0917E+0	12.8666E+0	41.2889E-6
52.9745E+0	-5.8367E+0	-39.7093E+0	3.0917E+0	12.8438E+0	41.1499E-6
53.1260E+0	-4.8267E+0	-39.7093E+0	3.0917E+0	12.8438E+0	41.1499E-6
53.2755E+0	-3.8300E+0	-39.6590E+0	3.0816E+0	12.8695E+0	41.0294E-6
53.4250E+0	-2.8333E+0	-39.7395E+0	3.1420E+0	12.6476E+0	41.4377E-6
53.5765E+0	-1.8233E+0	-39.7798E+0	3.0313E+0	13.1231E+0	42.2990E-6
53.7270E+0	-820.0000E-3	-35.8623E+0	3.0816E+0	11.6374E+0	41.9048E-6
53.8780E+0	186.6667E-3	66.3265E+0	3.3234E+0	-19.9576E+0	40.7099E-6
54.0260E+0	1.1733E+0	192.6350E+0	3.6255E+0	-53.1339E+0	41.6333E-6
54.1720E+0	2.1467E+0	162.2710E+0	3.5147E+0	-46.1694E+0	41.1467E-6
54.3260E+0	3.1733E+0	160.3180E+0	3.4845E+0	-46.0090E+0	39.6352E-6
54.4745E+0	4.1633E+0	160.3180E+0	3.4845E+0	-46.0090E+0	39.6352E-6
54.6250E+0	5.1667E+0	157.7390E+0	3.5046E+0	-45.0087E+0	40.3953E-6
54.7745E+0	6.1633E+0	147.8400E+0	3.4543E+0	-42.7991E+0	41.1245E-6
54.9270E+0	7.1800E+0	146.6310E+0	3.4039E+0	-43.0770E+0	41.6096E-6
55.0775E+0	8.1833E+0	148.8570E+0	3.4039E+0	-43.7309E+0	39.2513E-6
55.2255E+0	9.1700E+0	145.3520E+0	3.4140E+0	-42.5753E+0	39.9495E-6
55.3750E+0	10.1667E+0	140.0150E+0	3.3838E+0	-41.3782E+0	40.8161E-6
55.5240E+0	11.1600E+0	137.1850E+0	3.2932E+0	-41.6576E+0	40.7582E-6
55.6745E+0	12.1633E+0	137.1850E+0	3.2932E+0	-41.6576E+0	40.7582E-6
55.8255E+0	13.1700E+0	135.6440E+0	3.2730E+0	-41.4431E+0	39.8415E-6
55.9745E+0	14.1633E+0	133.1570E+0	3.2227E+0	-41.3188E+0	40.1933E-6
56.1255E+0	15.1700E+0	129.7020E+0	3.2327E+0	-40.1214E+0	40.4751E-6
56.2790E+0	16.1933E+0	127.7180E+0	3.2630E+0	-39.1419E+0	40.7340E-6
56.4255E+0	17.1700E+0	126.1370E+0	3.3737E+0	-37.3881E+0	40.2812E-6
56.5750E+0	18.1667E+0	123.4180E+0	3.3435E+0	-36.9127E+0	40.5854E-6
56.7240E+0	19.1600E+0	121.7660E+0	3.3636E+0	-36.2006E+0	41.3870E-6
56.8735E+0	20.1567E+0	120.3260E+0	3.3234E+0	-36.2060E+0	40.8121E-6
57.0195E+0	21.1300E+0	120.3260E+0	3.3234E+0	-36.2060E+0	40.8121E-6
57.1675E+0	22.1167E+0	118.6750E+0	3.2932E+0	-36.0368E+0	41.0312E-6
57.3345E+0	23.2300E+0	117.2140E+0	3.3435E+0	-35.0572E+0	40.7297E-6
57.4740E+0	24.1600E+0	115.9350E+0	3.4241E+0	-33.8588E+0	41.1698E-6
57.6280E+0	25.1867E+0	114.4550E+0	3.4644E+0	-33.0379E+0	41.3864E-6
57.7750E+0	26.1667E+0	113.3980E+0	3.3737E+0	-33.6122E+0	40.9535E-6
57.9245E+0	27.1633E+0	112.5920E+0	3.5046E+0	-32.1266E+0	40.9545E-6
58.0710E+0	28.1400E+0	112.5920E+0	3.5046E+0	-32.1266E+0	40.9545E-6
58.2275E+0	29.1833E+0	111.8270E+0	3.4543E+0	-32.3735E+0	40.5576E-6
58.3675E+0	30.1167E+0	111.4140E+0	3.4241E+0	-32.5385E+0	41.3566E-6
58.5180E+0	31.1200E+0	110.9810E+0	3.4845E+0	-31.8500E+0	41.0250E-6
